,ID,LITHOLOGY,pH,Temp,B,Ba,C(4),Ca,Cl,Fe,I,K,Li,Mg,Na,S(6),Si,pressure
0,1,Limestone,4.1,25.0,144.0,11.0,0.0,16900.0,61200.0,12.0,10.0,204.0,34.0,1470.0,21900.0,166.0,0.0,282.19986077540705
1,2,Sandstone,5.4,25.0,0.0,0.0,32.0,20300.0,123000.0,0.0,0.0,0.0,0.0,2150.0,52530.0,270.0,0.0,268.46514159047285
2,3,Sandstone,6.0,25.0,0.0,0.0,176.0,16300.0,96500.0,0.0,0.0,0.0,0.0,1470.0,41312.0,340.0,0.0,268.81458687947
3,4,Limestone,5.7,25.0,0.0,0.0,95.0,30100.0,162000.0,0.0,0.0,0.0,0.0,3050.0,64831.0,140.0,0.0,312.73834037907716
4,5,Sandstone,5.5,25.0,0.0,0.0,54.0,19400.0,113000.0,0.0,0.0,0.0,0.0,1760.0,47853.0,330.0,0.0,273.44853527704186
5,6,Sandstone,5.8,25.0,0.0,0.0,110.0,19100.0,112000.0,0.0,0.0,0.0,0.0,1810.0,47494.0,330.0,0.0,273.44853527704186
6,7,Sandstone,6.2,25.0,0.0,0.0,176.0,16400.0,96500.0,0.0,0.0,0.0,0.0,1520.0,41093.0,320.0,0.0,268.81458687947
7,8,Sandstone,5.5,25.0,0.0,0.0,41.0,20300.0,122000.0,0.0,0.0,0.0,0.0,2100.0,51974.0,260.0,0.0,268.46514159047285
8,9,Limestone,6.2,25.0,0.0,0.0,83.0,3540.0,26100.0,0.0,0.0,0.0,0.0,488.0,12207.0,500.0,0.0,308.87924892667303
9,10,Limestone,5.4,25.0,0.0,0.0,39.0,12400.0,84800.0,0.0,0.0,0.0,0.0,1350.0,38385.0,360.0,0.0,312.4040883635146
10,11,Limestone,6.0,25.0,0.0,0.0,39.0,29600.0,149000.0,0.0,0.0,0.0,0.0,2210.0,58625.0,310.0,0.0,317.4178685969529
11,12,Limestone,6.4,25.0,0.0,0.0,149.0,29300.0,147000.0,0.0,0.0,0.0,0.0,2440.0,57289.0,330.0,0.0,317.4178685969529
12,13,Sandstone,6.7,25.0,0.0,0.0,838.0,5410.0,44950.0,0.0,0.0,0.0,0.0,589.0,22204.0,253.0,0.0,93.95520291994816
13,14,0,6.9,25.0,0.0,0.0,128.0,3268.0,42108.0,0.0,0.0,0.0,0.0,336.0,22735.0,24.0,0.0,84.21631464833
14,15,Sandstone,4.98,25.0,0.0,0.0,0.0,17755.0,122905.99,129.46,0.0,0.0,0.0,1988.44,55786.35,438.34,0.0,182.28889466907145
15,16,Sandstone,5.64,25.0,0.0,0.0,62.03,9199.0,60966.85,35.29,0.0,0.0,0.0,972.18,27518.24,729.4,0.0,182.623146684634
16,17,Sandstone,5.83,25.0,0.0,0.0,84.59,8217.0,62036.8,55.68,0.0,0.0,0.0,1007.62,29248.9,666.04,0.0,182.74469287211133
17,18,Sandstone,5.78,25.0,0.0,0.0,150.85,16936.0,79113.11,0.0,0.0,0.0,0.0,1524.87,29409.86,769.54,0.0,182.86623905958868
18,19,Sandstone,5.9,25.0,0.0,0.0,66.57,16449.0,113371.58,188.43,0.0,169.25,0.0,1638.29,51664.86,388.14,0.0,178.12593774797415
19,20,0,5.84,25.0,0.0,0.0,55.0,18800.0,118778.0,0.0,0.0,175.0,0.0,2479.0,50973.0,378.0,0.0,166.41192392984996
20,21,0,5.7,25.0,0.0,0.0,83.6,19360.0,89706.1,0.0,0.0,0.0,0.0,1390.4,33446.6,411.4,0.0,186.02643993399826
21,22,Sandstone,6.9,25.0,0.0,0.0,115.0,5360.0,58300.0,0.0,0.0,0.0,0.0,941.0,29900.0,6.0,0.0,101.20239434828181
22,23,Sandstone,4.9,25.0,0.0,0.0,5.0,13900.0,90900.0,0.0,0.0,0.0,0.0,1500.0,40100.0,0.0,0.0,146.38718954296579
23,24,0,6.6,25.0,0.0,0.0,44.0,6110.0,60000.0,0.0,0.0,0.0,0.0,1100.0,29800.0,5.0,0.0,100.57947013746069
24,25,Sandstone,6.9,25.0,0.0,0.0,83.0,2560.0,36900.0,0.0,0.0,0.0,0.0,750.0,19600.0,98.0,0.0,63.06727802728086
25,26,Sandstone,6.0,25.0,0.0,0.0,41.0,5900.0,56800.0,0.0,0.0,0.0,0.0,1280.0,27600.0,0.0,0.0,95.42895044311035
26,27,Sandstone,6.0,25.0,0.0,0.0,98.0,5078.0,50531.0,115.0,0.0,0.0,0.0,1145.0,24830.0,23.0,0.0,94.38061457611869
27,28,Limestone,4.5,25.0,0.0,0.0,15.0,19809.0,121982.0,0.0,0.0,0.0,0.0,2195.0,52447.0,435.0,0.0,171.38012434298437
28,29,Limestone,4.4,25.0,0.0,8.0,0.0,1837.0,31111.0,246.0,12.0,218.0,91.0,123.0,15800.0,508.0,0.0,332.44401602383334
29,30,0,7.75,25.0,0.0,0.0,66.49,12366.0,77600.37,0.0,0.0,73.03,0.0,1615.38,33226.47,479.6,0.0,185.676994645001
30,31,0,7.15,25.0,0.0,0.0,77.03,5270.0,35670.91,0.0,0.0,0.0,0.0,636.05,16342.66,899.42,0.0,124.5848421642262
31,32,0,6.8,25.0,0.0,0.0,89.53,5193.0,35567.85,0.0,0.0,13.53,0.0,680.81,15897.11,549.65,0.0,182.80546596584998
32,33,0,6.25,25.0,0.0,0.0,50.62,4516.0,64064.27,0.0,0.0,239.09,0.0,696.82,34930.34,599.89,0.0,185.11484352791857
33,34,0,7.2,25.0,0.0,0.0,140.07,2163.0,15184.4,0.0,0.0,46.69,0.0,356.27,7025.83,769.37,0.0,178.56654267757935
34,35,0,6.6,25.0,0.0,0.0,82.95,6113.0,42431.55,0.0,0.0,14.7,0.0,842.1,18981.9,450.45,0.0,185.0692637076146
35,36,0,6.25,25.0,0.0,0.0,46.61,12099.0,72327.73,0.0,0.0,0.0,0.0,1194.57,30998.06,449.86,0.0,185.676994645001
36,37,0,7.2,25.0,0.0,0.0,163.42,2339.0,17568.08,0.0,0.0,0.0,0.0,445.33,8365.27,872.28,0.0,178.56654267757935
37,38,0,6.9,25.0,0.0,0.0,87.93,5600.0,40406.48,29.31,0.0,0.0,0.0,752.65,18842.4,831.16,0.0,181.86348301290096
38,39,0,5.8,25.0,0.0,0.0,68.42,13795.0,94026.72,45.25,0.0,0.0,0.0,1633.33,42267.88,471.24,0.0,185.23638971539583
39,40,0,7.15,25.0,0.0,0.0,133.88,2759.0,18928.46,0.0,0.0,64.39,0.0,388.36,8663.49,729.71,0.0,181.04304624742923
40,41,0,6.7,25.0,0.0,0.0,89.27,5085.0,34944.27,0.0,0.0,118.33,0.0,679.89,15637.47,550.14,0.0,182.38005430967942
41,42,0,6.7,25.0,0.0,0.0,98.99,5247.0,35464.47,0.0,0.0,125.04,0.0,680.43,15812.35,609.57,0.0,181.86348301290096
42,43,0,7.0,25.0,0.0,0.0,97.37,5643.0,42403.5,0.0,0.0,0.0,0.0,988.37,19578.9,830.27,0.0,181.46845790359976
43,44,0,6.8,25.0,0.0,0.0,126.99,6066.0,44393.85,4.2,0.0,0.0,0.0,858.49,20570.2,710.51,0.0,185.11484352791857
44,45,0,7.5,25.0,0.0,0.0,124.29,2108.0,15587.64,0.0,0.0,0.0,0.0,315.83,7569.68,898.58,0.0,178.2930637557554
45,46,0,7.1,25.0,0.0,0.0,136.72,3310.0,23746.8,0.0,0.0,0.0,0.0,501.66,11102.4,852.21,0.0,181.04304624742923
46,47,0,7.7,25.0,0.0,0.0,158.76,2076.0,14756.65,0.0,0.0,0.0,0.0,306.33,7134.08,908.81,0.0,179.58449199770172
47,48,0,6.8,25.0,0.0,0.0,59.02,6566.0,49643.4,0.0,0.0,0.0,0.0,1020.27,23082.6,755.72,0.0,182.80546596584998
48,49,0,6.2,25.0,0.0,0.0,80.32,6869.0,51677.52,7.4,0.0,0.0,0.0,1099.07,23883.68,701.72,0.0,185.6921879184357
49,50,0,6.9,25.0,0.0,0.0,158.81,2382.0,42314.4,0.0,0.0,0.0,0.0,809.72,23299.04,70.0,0.0,180.75437405217068
50,51,0,5.4,25.0,0.0,0.0,17.06,18192.0,127344.0,47.75,0.0,0.0,0.0,3160.86,55599.3,361.57,0.0,186.43665831673414
51,52,0,7.0,25.0,0.0,0.0,112.34,3710.0,26074.18,0.0,0.0,0.0,0.0,704.93,11748.84,758.52,0.0,185.0692637076146
52,53,0,5.25,25.0,0.0,0.0,0.0,23984.0,135463.87,0.0,0.0,496.35,0.0,1097.99,57704.22,180.49,0.0,186.25433903551823
53,54,0,5.6,25.0,0.0,19.34,70.9,7637.0,66492.98,24.71,0.0,0.0,0.0,1471.65,31688.9,163.28,0.0,182.80546596584998
54,55,0,7.4,25.0,0.0,0.0,138.04,1683.0,11748.63,0.0,0.0,47.71,0.0,244.62,5758.1,1199.73,0.0,183.838608559407
55,56,0,6.72,25.0,0.0,0.0,61.36,4796.0,33765.68,0.0,0.0,123.76,0.0,645.84,15306.72,739.44,0.0,183.838608559407
56,57,Limestone,5.9,25.0,66.0,10.0,103.0,24911.0,120000.0,73.0,21.0,471.0,35.0,3407.0,47450.0,432.0,0.0,183.80822201253767
57,58,Sandstone,7.0,25.0,0.0,19.83,75.16,2588.0,38311.13,0.0,0.0,0.0,0.0,625.3,20669.22,2.09,0.0,66.09073944077853
58,59,0,5.9,25.0,140.0,0.0,100.0,34500.0,178070.0,0.0,5.0,1840.0,160.0,3950.0,64200.0,650.0,0.0,232.4874700971939
59,60,Limestone,6.0,25.0,0.0,0.0,116.0,28600.0,152000.0,0.0,0.0,0.0,0.0,3650.0,58900.0,203.0,0.0,204.6685864383282
60,61,Sandstone,6.0,25.0,0.0,504.0,35.0,18500.0,117000.0,0.0,0.0,0.0,0.0,1820.0,51200.0,76.0,0.0,169.73925081204092
61,62,Sandstone,5.6,25.0,0.0,118.0,60.0,18800.0,120000.0,0.0,0.0,0.0,0.0,2450.0,51700.0,13.0,0.0,171.6384099913736
62,63,Sandstone,5.8,25.0,0.0,0.0,46.62,22256.0,137686.15,23.88,0.0,0.0,0.0,2364.96,59333.21,57.99,0.0,171.6384099913736
63,64,Sandstone,5.2,25.0,0.0,0.0,19.33,23605.0,136880.02,181.92,0.0,0.0,0.0,2211.47,57367.34,5.69,0.0,171.6384099913736
64,65,Sandstone,3.6,25.0,0.0,0.0,0.0,22629.0,137161.78,0.0,0.0,0.0,0.0,2320.85,58619.87,34.08,0.0,171.6384099913736
65,66,Sandstone,3.8,25.0,0.0,0.0,0.0,37512.0,190126.83,46.06,0.0,0.0,0.0,3316.25,74091.22,203.13,0.0,230.11731944138663
66,67,Limestone,5.6,25.0,32.0,10.0,107.0,36090.0,194617.0,11.0,12.0,1710.0,140.0,3766.0,79122.0,347.0,0.0,231.81896606606873
67,68,Limestone,5.2,25.0,195.0,6.0,83.0,36700.0,183194.0,6.0,11.0,1435.0,125.0,3712.0,70338.0,340.0,0.0,230.90736965998903
68,69,0,5.9,25.0,150.0,0.0,194.0,38520.0,180766.0,0.0,5.0,1940.0,180.0,3850.0,63900.0,440.0,0.0,236.20982208868602
69,70,Sandstone,5.8,25.0,0.0,338.0,20.0,14200.0,126000.0,0.0,0.0,0.0,0.0,1942.0,56000.0,39.0,0.0,171.6384099913736
70,71,Limestone,3.5,25.0,0.0,0.0,0.0,11317.0,91608.28,74.6,0.0,0.0,0.0,1634.53,43389.64,109.7,0.0,120.11801977443567
71,72,Limestone,5.7,25.0,0.0,0.0,35.0,9300.0,80200.0,0.0,0.0,0.0,0.0,2338.0,36941.0,55.0,0.0,120.11801977443567
72,73,Limestone,5.8,25.0,0.0,134.0,48.0,9500.0,82000.0,0.0,0.0,0.0,0.0,2430.0,37100.0,6.0,0.0,120.11801977443567
73,74,Limestone,6.1,25.0,0.0,0.0,53.0,9800.0,83000.0,0.0,0.0,0.0,0.0,1400.0,40000.0,34.0,0.0,119.40393592300657
74,75,Limestone,6.2,25.0,0.0,128.0,44.0,10100.0,82000.0,0.0,0.0,0.0,0.0,1270.0,39200.0,39.0,0.0,120.11801977443567
75,76,Limestone,5.5,25.0,0.0,0.0,37.0,9600.0,77800.0,0.0,0.0,0.0,0.0,2207.0,36602.0,98.0,0.0,119.40393592300657
76,77,Limestone,6.0,25.0,0.0,0.0,38.0,14000.0,100000.0,0.0,0.0,0.0,0.0,3230.0,42800.0,72.0,0.0,119.40393592300657
77,78,Limestone,5.5,25.0,0.0,138.0,84.0,9300.0,82000.0,0.0,0.0,0.0,0.0,2060.0,38600.0,21.0,0.0,119.40393592300657
78,79,Limestone,5.5,25.0,0.0,0.0,35.0,10000.0,82000.0,122.0,0.0,0.0,0.0,1224.0,39424.0,36.0,0.0,119.40393592300657
79,80,0,6.45,25.0,0.0,0.0,74.08,2050.4,30000.0,10.54,0.0,0.0,0.0,578.36,16036.09,10.29,8.5,63.994067706795214
80,81,0,7.15,25.0,0.0,0.0,117.29,1842.2,28600.0,0.7,0.0,0.0,0.0,515.18,15505.06,14.4,7.5,63.82694169901393
81,82,Limestone,5.8,25.0,0.0,0.0,169.0,37300.0,183000.0,0.0,0.0,0.0,0.0,3280.0,69200.0,164.0,0.0,234.34104945622258
82,83,Limestone,5.6,25.0,0.0,23.0,114.0,37974.0,192867.0,11.0,11.0,152.0,1700.0,3986.0,75370.0,262.0,0.0,238.10898126801865
83,84,Limestone,5.8,25.0,193.0,11.0,90.0,39592.0,186844.0,19.0,12.0,1520.0,122.0,3750.0,68919.0,298.0,0.0,237.36451086972025
84,85,0,5.7,25.0,0.0,0.0,192.56,42577.0,205712.0,0.0,0.0,0.0,0.0,4963.4,75289.4,165.05,0.0,223.857690786306
85,86,Limestone,5.8,25.0,62.0,23.0,143.0,40060.0,224370.0,15.0,17.0,2930.0,260.0,3256.0,94987.0,126.0,0.0,253.77324617915497
86,87,Sandstone,5.4,25.0,0.0,0.0,52.72,23631.0,146496.62,343.8,0.0,0.0,0.0,2353.88,63300.46,247.54,0.0,174.23645974870078
87,88,Sandstone,4.8,25.0,0.0,0.0,29.82,24709.0,145405.19,275.28,0.0,0.0,0.0,2694.3,60968.79,212.2,0.0,174.38839248304734
88,89,Sandstone,4.1,25.0,0.0,0.0,8.02,25343.0,148602.68,137.4,0.0,0.0,0.0,2088.48,63477.66,263.35,0.0,173.20331715514376
89,90,Sandstone,3.6,25.0,0.0,0.0,0.0,24524.0,148196.21,105.34,0.0,0.0,0.0,2322.06,63663.15,167.17,0.0,174.23645974870078
90,91,0,5.0,25.0,0.0,0.0,31.0,22200.0,132000.0,162.0,0.0,0.0,0.0,2338.0,55808.0,283.0,0.0,231.63664678485276
91,92,0,4.6,25.0,0.0,0.0,24.0,24000.0,133800.0,160.0,0.0,0.0,0.0,2010.0,55503.0,241.0,0.0,231.63664678485276
92,93,Sandstone,5.8,25.0,0.0,0.0,91.25,31571.0,165873.02,11.55,0.0,0.0,0.0,125.9,71280.83,301.46,0.0,206.78045144574622
93,94,Sandstone,4.1,25.0,0.0,0.0,6.65,16468.0,104605.32,388.15,0.0,0.0,0.0,1781.05,45300.43,79.85,0.0,188.59410314445608
94,95,Sandstone,4.8,25.0,0.0,0.0,25.88,19693.0,122065.88,0.0,0.0,0.0,0.0,1057.5,54649.13,142.88,0.0,188.59410314445608
95,96,Sandstone,5.6,25.0,0.0,0.0,90.32,29982.0,160349.42,159.8,0.0,0.0,0.0,2137.67,65694.5,231.6,0.0,186.29991885582217
96,97,0,8.0,25.0,0.0,0.0,2510.0,27500.0,158400.0,0.0,0.0,0.0,0.0,3030.0,67000.0,1530.0,0.0,228.73473155883244
97,98,0,7.4,25.0,0.0,0.0,1220.0,32200.0,162000.0,0.0,0.0,0.0,0.0,3460.0,62500.0,108.0,0.0,227.04827820758496
98,99,0,6.2,25.0,0.0,1.0,150.0,14600.0,72000.0,0.0,0.0,0.0,0.0,2060.0,26300.0,360.0,0.0,228.76511810570173
99,100,Limestone,5.8,25.0,0.0,0.0,206.0,33300.0,174600.0,0.0,0.0,0.0,0.0,3824.0,69034.0,183.0,0.0,230.22367235542927
100,101,0,5.6,25.0,0.0,0.0,156.0,34820.0,167000.0,0.0,0.0,0.0,0.0,3758.0,61259.53,274.0,0.0,227.89910151992598
101,102,Limestone,5.8,25.0,0.0,0.0,213.08,45808.0,233546.45,0.0,0.0,0.0,0.0,3942.04,91665.73,278.46,0.0,231.28720149585558
102,103,Limestone,5.7,25.0,0.0,0.0,209.5,47069.0,222010.21,3.63,0.0,0.0,0.0,3731.09,83148.47,311.23,0.0,231.28720149585558
103,104,Limestone,6.0,25.0,0.0,0.0,166.84,46033.0,227646.24,3.63,0.0,0.0,0.0,3434.77,88500.01,235.76,0.0,231.28720149585558
104,105,Limestone,6.1,25.0,0.0,0.0,182.56,46615.0,225502.68,0.0,0.0,0.0,0.0,4939.97,83641.04,315.55,0.0,231.28720149585558
105,106,0,6.2,25.0,0.0,0.0,189.97,46678.0,229120.76,0.0,0.0,0.0,0.0,4468.53,86759.42,210.54,0.0,231.28720149585558
106,107,Limestone,5.9,25.0,0.0,0.0,212.11,48760.0,238174.32,2.44,0.0,0.0,0.0,4634.64,89950.01,238.92,0.0,232.73056247214848
107,108,Limestone,5.9,25.0,0.0,0.0,229.71,46324.0,224644.29,0.0,0.0,0.0,0.0,5178.15,82955.54,252.68,0.0,229.11456339469893
108,109,Limestone,5.8,25.0,0.0,0.0,223.67,41600.0,217356.44,3.63,0.0,0.0,0.0,3856.71,86169.06,301.04,0.0,229.11456339469893
109,110,Limestone,6.4,25.0,0.0,0.0,233.72,49264.0,227592.92,0.0,0.0,0.0,0.0,3465.88,84721.56,230.09,0.0,229.11456339469893
110,111,0,6.2,25.0,0.0,0.0,199.45,45420.0,225401.31,6.04,0.0,0.0,0.0,4331.13,92754.85,441.21,0.0,229.11456339469893
111,112,Sandstone,4.3,25.0,0.0,0.0,11.48,25762.0,147159.82,96.43,0.0,0.0,0.0,2594.48,61046.05,125.13,0.0,193.28882463576656
112,113,Sandstone,5.0,25.0,0.0,0.0,46.54,21558.0,155756.05,0.0,0.0,0.0,0.0,2212.12,72226.86,231.54,0.0,167.353906882799
113,114,Limestone,5.8,25.0,0.0,0.0,138.4,47197.0,235044.97,0.0,0.0,0.0,0.0,4960.4,89055.4,208.81,0.0,231.95570552698075
114,115,Limestone,6.5,25.0,0.0,0.0,48.44,4581.0,47608.24,49.49,0.0,0.0,0.0,1009.83,23764.1,72.66,0.0,231.95570552698075
115,116,Limestone,5.9,25.0,0.0,0.0,255.44,53649.0,228205.88,8.68,0.0,0.0,0.0,2329.96,82318.64,390.6,0.0,231.48471405050617
116,117,Limestone,5.9,25.0,0.0,0.0,206.06,44046.0,219628.12,2.41,0.0,0.0,0.0,3765.63,84946.48,187.98,0.0,231.48471405050617
117,118,Limestone,6.6,25.0,0.0,0.0,138.24,26029.0,125205.12,0.0,0.0,0.0,0.0,4454.78,69539.33,165.89,0.0,231.48471405050617
118,119,0,5.9,25.0,0.0,0.0,247.04,46328.0,228451.52,0.0,0.0,0.0,0.0,4657.51,86476.3,387.52,0.0,231.48471405050617
119,120,0,6.2,25.0,0.0,0.0,200.69,47269.0,225930.67,16.93,0.0,0.0,0.0,4411.64,84131.89,229.71,0.0,228.56760555105117
120,121,Limestone,5.9,25.0,0.0,0.0,206.4,45159.0,218709.61,0.0,0.0,0.0,0.0,2742.3,85080.22,337.96,0.0,228.50683245731247
121,122,Limestone,6.1,25.0,0.0,0.0,173.45,38353.0,203049.4,0.0,0.0,0.0,0.0,2621.92,82901.02,237.6,0.0,228.50683245731247
122,123,Limestone,6.2,25.0,0.0,0.0,173.03,49319.0,224830.1,0.0,0.0,0.0,0.0,4838.79,80924.8,193.6,0.0,228.50683245731247
123,124,0,6.2,25.0,0.0,0.0,183.25,47267.0,230598.56,0.0,0.0,0.0,0.0,4428.43,95336.78,417.48,0.0,228.50683245731247
124,125,Limestone,5.9,25.0,0.0,0.0,183.68,37496.0,194972.79,0.0,0.0,0.0,0.0,4402.28,75268.83,206.19,0.0,229.9501934336054
125,126,Limestone,5.8,25.0,0.0,0.0,183.17,30935.0,153187.2,3.46,0.0,0.0,0.0,3083.9,58216.32,260.35,0.0,229.93500016017072
126,127,Sandstone,4.3,25.0,0.0,0.0,5.78,28886.0,158411.72,415.8,0.0,0.0,0.0,2423.19,65064.62,264.5,0.0,192.77225333898807
127,128,Limestone,5.9,25.0,0.0,0.0,259.64,40741.0,198917.25,4.76,0.0,0.0,0.0,3643.27,75649.94,322.76,0.0,228.71953828539776
128,129,Limestone,5.9,25.0,0.0,0.0,210.81,40825.0,209052.66,82.18,0.0,0.0,0.0,4424.57,80603.31,318.0,0.0,228.71953828539776
129,130,Limestone,6.3,25.0,0.0,0.0,145.39,37532.0,189869.39,0.0,0.0,0.0,0.0,4352.12,71966.07,137.11,0.0,228.71953828539776
130,131,Limestone,7.0,25.0,0.0,0.0,164.25,24316.0,122869.13,7.88,0.0,0.0,0.0,2286.0,47665.13,293.63,0.0,228.74992483226706
131,132,Limestone,5.7,25.0,218.0,9.0,81.0,39016.0,191360.0,15.0,10.0,5292.0,118.0,6251.0,65550.0,238.0,0.0,251.0840367812198
132,133,0,5.9,25.0,0.0,38.0,189.0,35000.0,183000.0,0.0,0.0,0.0,0.0,4200.0,70700.0,189.0,0.0,232.73056247214848
133,134,Limestone,6.2,25.0,0.0,0.0,399.08,47522.0,231839.48,3.64,0.0,0.0,0.0,4267.33,95937.38,225.62,0.0,230.63389073816515
134,135,Sandstone,5.7,25.0,0.0,83.0,68.0,22500.0,129600.0,0.0,0.0,0.0,0.0,2000.0,54314.0,185.0,0.0,171.95746873350149
135,136,Sandstone,4.9,25.0,0.0,39.0,25.0,22200.0,126600.0,0.0,0.0,0.0,0.0,2185.0,52569.0,235.0,0.0,171.95746873350149
136,137,0,5.9,25.0,0.0,25.0,244.0,35300.0,177000.0,0.0,0.0,0.0,0.0,4130.0,66600.0,183.0,0.0,227.04827820758496
137,138,0,7.5,25.0,0.0,0.0,1284.0,30500.0,165000.0,0.0,0.0,0.0,0.0,3156.0,66996.0,1144.0,0.0,226.5772867311104
138,139,0,6.1,25.0,0.0,62.0,207.0,36400.0,186000.0,50.0,0.0,0.0,0.0,4380.0,70700.0,165.0,0.0,226.3949674498945
139,140,Limestone,6.1,25.0,0.0,0.0,119.79,48666.0,227404.98,20.57,0.0,0.0,0.0,1189.43,89550.89,254.1,0.0,228.65876519165917
140,141,Sandstone,5.8,25.0,0.0,212.0,127.0,18800.0,126300.0,143.0,0.0,0.0,0.0,1851.0,56732.0,4.0,0.0,193.28882463576656
141,142,Limestone,4.7,25.0,174.0,23.0,55.0,39825.0,201500.0,10.0,13.0,3020.0,277.0,2123.0,62950.0,184.0,0.0,256.08262374122353
142,143,0,5.8,25.0,0.0,0.0,227.0,52515.0,247854.0,0.0,0.0,0.0,0.0,4797.57,91508.43,105.52,0.0,249.59509598462296
143,144,0,4.3,25.0,0.0,0.0,0.0,45511.0,215516.0,0.0,0.0,0.0,0.0,3973.2,80073.22,149.3,0.0,255.9154977334422
144,145,0,4.7,25.0,0.0,0.0,18.16,21198.0,135431.61,0.0,0.0,0.0,0.0,4.54,63541.84,83.99,0.0,164.66469748486386
145,146,0,5.8,25.0,0.0,0.0,95.17,21070.0,132149.72,72.51,0.0,0.0,0.0,1040.09,59207.18,73.65,0.0,169.75444408547554
146,147,0,5.7,25.0,0.0,0.0,130.4,31451.0,164093.03,105.01,0.0,0.0,0.0,1991.8,66652.73,253.88,0.0,206.78045144574622
147,148,0,6.7,25.0,0.0,22.0,72.0,4300.0,44900.0,0.0,0.0,0.0,0.0,910.0,22500.0,0.0,0.0,90.39997693623732
148,149,0,6.3,25.0,0.0,41.0,90.0,4400.0,45000.0,0.0,0.0,0.0,0.0,971.0,22300.0,0.0,0.0,90.39997693623732
149,150,0,6.8,25.0,0.0,35.0,126.0,4500.0,44400.0,0.0,0.0,0.0,0.0,910.0,22000.0,0.0,0.0,90.39997693623732
150,151,0,6.4,25.0,0.0,43.0,90.0,4600.0,44400.0,0.0,0.0,0.0,0.0,789.0,22100.0,0.0,0.0,90.39997693623732
151,152,0,6.5,25.0,0.0,48.0,126.0,4440.0,47400.0,0.0,0.0,0.0,0.0,924.0,23945.0,17.0,0.0,90.39997693623732
152,153,0,6.4,25.0,0.0,46.0,114.0,4400.0,46500.0,0.0,0.0,0.0,0.0,936.0,23385.0,19.0,0.0,90.39997693623732
153,154,Sandstone,3.8,25.0,0.0,0.0,0.0,30200.0,150000.0,0.0,0.0,0.0,0.0,2200.0,58200.0,75.0,0.0,217.43093612344407
154,155,Limestone,5.8,25.0,213.0,35.0,103.0,46694.0,208714.0,11.0,15.0,6230.0,340.0,3965.0,64900.0,234.0,0.0,259.86574882645425
155,156,Limestone,5.8,25.0,240.0,42.0,0.0,44441.0,202046.0,21.0,14.0,4406.0,367.0,4337.0,74000.0,276.0,0.0,257.5259847175164
156,157,Limestone,4.0,25.0,288.0,38.0,0.0,45670.0,201834.0,10.0,12.0,6000.0,378.0,3600.0,79000.0,841.0,0.0,262.6916976853014
157,158,Limestone,5.9,25.0,210.0,23.0,244.0,45056.0,228218.0,12.0,16.0,7460.0,412.0,2602.0,73030.0,889.0,0.0,266.034217840927
158,159,Limestone,5.8,25.0,220.0,16.0,100.0,43900.0,212891.0,15.0,20.0,6950.0,386.0,3500.0,77900.0,306.0,0.0,260.86850487314194
159,160,Limestone,5.8,25.0,200.0,44.0,104.0,43300.0,210615.0,19.0,17.0,5640.0,331.0,4110.0,78400.0,254.0,0.0,258.13371565490286
160,161,Limestone,5.8,25.0,198.0,29.0,384.0,43967.0,200220.0,14.0,9.0,5260.0,403.0,6815.0,73800.0,800.0,0.0,267.1281335282226
161,162,0,5.3,25.0,0.0,0.0,171.0,36894.0,187938.0,0.0,0.0,0.0,0.0,3693.0,72756.0,252.0,0.0,228.99301720722167
162,163,Limestone,5.7,25.0,0.0,0.0,251.71,47470.0,237156.48,0.0,0.0,0.0,0.0,4463.94,93905.6,241.98,0.0,230.58831091786112
163,164,Limestone,5.7,25.0,0.0,0.0,274.59,48575.0,225759.15,9.72,0.0,0.0,0.0,4128.57,83080.49,219.92,0.0,230.66427728503442
164,165,Limestone,5.9,25.0,0.0,0.0,204.12,47406.0,236530.13,14.58,0.0,0.0,0.0,3398.36,92766.47,229.64,0.0,230.66427728503442
165,166,0,5.8,25.0,0.0,0.0,262.44,47698.0,233514.5,0.0,0.0,0.0,0.0,4858.79,87860.3,488.43,0.0,230.66427728503442
166,167,Limestone,5.9,25.0,0.0,0.0,189.54,49500.0,232221.74,4.86,0.0,0.0,0.0,5441.99,83672.19,170.1,0.0,230.66427728503442
167,168,Limestone,5.7,25.0,0.0,0.0,269.95,47421.0,231120.26,0.0,0.0,0.0,0.0,5022.08,86196.16,229.82,0.0,231.60626023798346
168,169,Limestone,5.7,25.0,0.0,0.0,262.44,47784.0,228344.67,1.22,0.0,0.0,0.0,4101.84,85715.82,229.64,0.0,231.60626023798346
169,170,Limestone,5.8,25.0,0.0,0.0,255.57,47142.0,236056.62,25.56,0.0,0.0,0.0,2632.37,94253.0,279.91,0.0,231.60626023798346
170,171,0,6.0,25.0,0.0,0.0,247.25,46682.0,233797.22,0.0,0.0,0.0,0.0,5481.88,87896.66,216.95,0.0,231.60626023798346
171,172,Limestone,5.8,25.0,0.0,0.0,283.21,48744.0,244323.41,0.0,0.0,0.0,0.0,3777.31,95567.93,164.28,0.0,251.82850717951825
172,173,Limestone,5.8,25.0,0.0,0.0,237.75,47742.0,229688.83,0.0,0.0,0.0,0.0,2225.86,90173.21,229.26,0.0,231.37836113646355
173,174,Limestone,5.8,25.0,0.0,0.0,290.88,47727.0,225201.72,16.97,0.0,0.0,0.0,4017.78,83938.27,282.4,0.0,231.37836113646355
174,175,Limestone,6.0,25.0,0.0,0.0,217.31,48875.0,233753.27,3.64,0.0,0.0,0.0,3209.82,89667.25,282.86,0.0,231.37836113646355
175,176,Limestone,5.4,25.0,0.0,0.0,122.11,46760.0,224216.3,22.97,0.0,0.0,0.0,4374.16,83670.05,279.28,0.0,231.21123512868232
176,177,0,6.1,25.0,0.0,0.0,199.98,49014.0,231433.82,0.0,0.0,0.0,0.0,4686.8,85173.3,219.37,0.0,231.37836113646355
177,178,Limestone,6.2,25.0,0.0,0.0,186.65,46997.0,230789.04,0.0,0.0,0.0,0.0,4025.05,88349.95,289.67,0.0,231.21123512868232
178,179,Limestone,6.2,25.0,0.0,0.0,206.55,47821.0,230067.54,0.0,0.0,0.0,0.0,4406.81,86237.06,320.76,0.0,229.96538670704
179,180,0,5.7,25.0,0.0,0.0,242.6,46915.0,228828.81,10.92,0.0,0.0,0.0,5989.79,83523.54,382.1,0.0,230.92256293342368
180,181,Limestone,5.8,25.0,0.0,0.0,277.02,48794.0,236961.45,0.0,0.0,0.0,0.0,4433.54,89433.72,258.8,0.0,229.96538670704
181,182,Limestone,5.7,25.0,0.0,0.0,267.08,47976.0,227725.76,0.0,0.0,0.0,0.0,3642.0,85996.12,292.57,0.0,229.96538670704
182,183,Limestone,6.0,25.0,0.0,0.0,255.57,51143.0,238646.4,9.74,0.0,0.0,0.0,3669.26,89063.71,200.81,0.0,229.96538670704
183,184,Limestone,6.0,25.0,322.0,45.0,245.0,45670.0,196110.0,35.0,14.0,8340.0,445.0,2973.0,71390.0,548.0,0.0,272.0659473944877
184,185,Limestone,5.9,25.0,210.0,30.0,424.0,43500.0,218670.0,25.0,10.0,4230.0,365.0,3360.0,73300.0,500.0,0.0,258.4375811235961
185,186,Limestone,5.8,25.0,200.0,32.0,96.0,48600.0,208474.0,45.0,18.0,5810.0,357.0,3280.0,78300.0,278.0,0.0,258.1033291080335
186,187,Limestone,5.8,25.0,195.0,26.0,443.0,45194.0,200220.0,15.0,8.0,4770.0,425.0,3593.0,78600.0,398.0,0.0,266.04941111436165
187,188,Limestone,5.9,25.0,305.0,40.0,204.0,45056.0,203153.0,20.0,16.0,4364.0,440.0,3469.0,69600.0,406.0,0.0,260.00248828736625
188,189,Limestone,5.9,25.0,288.0,20.0,191.0,44851.0,210715.0,10.0,10.0,6380.0,391.0,3841.0,70850.0,174.0,0.0,260.5038663107101
189,190,Limestone,5.8,25.0,208.0,39.0,427.0,43558.0,210231.0,14.0,10.0,5960.0,343.0,9540.0,77000.0,590.0,0.0,258.3160349361188
190,191,Limestone,5.9,25.0,178.0,35.0,415.0,43354.0,201555.0,30.0,9.0,4090.0,276.0,3964.0,76500.0,805.0,0.0,250.96249059374247
191,192,Limestone,6.0,25.0,300.0,40.0,224.0,46890.0,219643.0,12.0,11.0,5950.0,331.0,1858.0,70670.0,640.0,0.0,267.3712259031772
192,193,Limestone,5.8,25.0,230.0,36.0,479.0,49898.0,214235.0,26.0,9.0,5330.0,329.0,6938.0,76400.0,554.0,0.0,256.9942201473032
193,194,Limestone,5.8,25.0,0.0,0.0,256.15,48899.0,234183.03,0.0,0.0,0.0,0.0,4111.82,88217.74,264.65,0.0,231.84935261293805
194,195,Limestone,5.8,25.0,0.0,0.0,256.15,47647.0,229878.18,0.0,0.0,0.0,0.0,3793.75,87466.27,265.87,0.0,231.84935261293805
195,196,Limestone,5.9,25.0,0.0,0.0,229.45,49922.0,233753.27,2.43,0.0,0.0,0.0,4562.21,85821.3,207.59,0.0,231.84935261293805
196,197,0,6.2,25.0,0.0,0.0,206.31,48810.0,232319.45,0.0,0.0,0.0,0.0,4455.13,93818.56,379.86,0.0,231.84935261293805
197,198,0,6.3,25.0,0.0,0.0,197.0,8300.0,31200.0,0.0,0.0,0.0,0.0,2850.0,5610.0,504.0,0.0,232.5178566440632
198,199,0,5.5,25.0,0.0,0.0,177.0,37900.0,189000.0,1340.0,0.0,0.0,0.0,3590.0,72400.0,162.0,0.0,231.78857951919943
199,200,0,5.8,25.0,0.0,0.0,192.0,38100.0,189000.0,0.0,0.0,0.0,0.0,3530.0,72200.0,152.0,0.0,228.32451317609653
200,201,0,5.9,25.0,0.0,0.0,240.0,52100.0,189000.0,0.0,0.0,0.0,0.0,5530.0,72300.0,151.0,0.0,228.32451317609653
201,202,0,5.7,25.0,0.0,31.0,198.0,36200.0,183000.0,0.0,0.0,0.0,0.0,3650.0,70300.0,142.0,0.0,228.32451317609653
202,203,0,7.2,25.0,0.0,0.0,420.0,56.0,3420.0,0.0,0.0,0.0,0.0,19.0,2282.0,9.0,0.0,35.94728494640965
203,204,0,8.0,25.0,0.0,0.0,378.0,56.0,3402.0,0.0,0.0,0.0,0.0,28.0,2259.0,56.0,0.0,35.64341947771642
204,205,0,7.1,25.0,0.0,0.0,102.0,1430.0,24000.0,0.0,0.0,0.0,0.0,408.0,13195.0,3.0,0.0,58.4029430828397
205,206,0,5.5,25.0,0.0,0.0,301.0,39200.0,180000.0,0.0,0.0,0.0,0.0,3400.0,65500.0,353.0,0.0,232.88249520649507
206,207,0,5.4,25.0,0.0,5.0,263.0,34200.0,168000.0,0.0,0.0,0.0,0.0,3560.0,63000.0,156.0,0.0,230.20847908199462
207,208,Limestone,5.8,25.0,0.0,17.0,162.0,37000.0,184000.0,0.0,0.0,0.0,0.0,3880.0,69700.0,176.0,0.0,229.19052976187228
208,209,Limestone,5.7,25.0,0.0,23.0,186.0,36200.0,183000.0,0.0,0.0,0.0,0.0,4060.0,69500.0,170.0,0.0,229.19052976187228
209,210,0,5.7,25.0,0.0,51.0,121.0,29600.0,147000.0,0.0,0.0,0.0,0.0,2550.0,56600.0,132.0,0.0,271.07838462123465
210,211,Limestone,6.1,25.0,0.0,0.0,271.0,60000.0,153000.0,0.0,0.0,0.0,0.0,3100.0,59100.0,250.0,0.0,228.93224411348302
211,212,Limestone,5.5,25.0,0.0,0.0,67.0,26100.0,135000.0,0.0,0.0,0.0,0.0,2540.0,52900.0,271.0,0.0,231.42394095676752
212,213,Limestone,6.2,25.0,0.0,0.0,145.0,24900.0,132000.0,0.0,0.0,0.0,0.0,2610.0,52200.0,301.0,0.0,231.42394095676752
213,214,0,6.1,25.0,0.0,0.0,144.0,20800.0,120000.0,0.0,0.0,0.0,0.0,2010.0,50300.0,300.0,0.0,231.63664678485276
214,215,0,5.2,25.0,0.0,53.0,55.0,26300.0,134400.0,0.0,0.0,0.0,0.0,2850.0,51100.0,242.0,0.0,231.63664678485276
215,216,0,5.7,25.0,0.0,15.0,168.0,36200.0,168000.0,0.0,0.0,0.0,0.0,3700.0,60500.0,190.0,0.0,231.6670333317221
216,217,Limestone,5.8,25.0,0.0,0.0,229.52,43864.0,222745.54,0.0,0.0,0.0,0.0,5040.98,84806.43,252.47,0.0,229.17533648843758
217,218,Limestone,5.7,25.0,0.0,0.0,194.33,45449.0,221276.9,35.0,0.0,0.0,0.0,4535.91,82980.04,259.51,0.0,229.17533648843758
218,219,Limestone,6.2,25.0,0.0,0.0,196.42,44094.0,223046.71,1.21,0.0,0.0,0.0,5212.83,84386.15,218.11,0.0,229.17533648843758
219,220,Limestone,6.2,25.0,0.0,0.0,182.41,46335.0,223602.01,0.0,0.0,0.0,0.0,3985.19,84492.35,227.1,0.0,229.17533648843758
220,221,0,7.1,25.0,0.0,0.0,150.0,5100.0,22700.0,0.0,0.0,0.0,0.0,558.0,8020.0,291.0,0.0,229.98057998047466
221,222,0,6.0,25.0,0.0,34.0,204.0,37900.0,186000.0,0.0,0.0,0.0,0.0,3700.0,74800.0,156.0,0.0,229.98057998047466
222,223,Limestone,5.7,25.0,250.0,29.0,101.0,44646.0,200046.0,9.0,26.0,11050.0,382.0,3260.0,66240.0,241.0,0.0,264.57566359119943
223,224,Limestone,5.9,25.0,178.0,30.0,96.0,50400.0,210600.0,22.0,25.0,5670.0,358.0,4230.0,70200.0,288.0,0.0,262.6916976853014
224,225,Limestone,5.6,25.0,45.0,12.0,108.0,42800.0,227500.0,17.0,11.0,3540.0,282.0,3380.0,97700.0,144.0,0.0,252.14756592164613
225,226,Limestone,6.4,25.0,0.0,0.0,244.0,35100.0,180000.0,0.0,0.0,0.0,0.0,3950.0,69100.0,178.0,0.0,234.11315035470267
226,227,Limestone,6.0,25.0,0.0,0.0,256.0,33000.0,171000.0,0.0,0.0,0.0,0.0,3770.0,66000.0,193.0,0.0,234.11315035470267
227,228,Limestone,5.9,25.0,0.0,0.0,244.0,33200.0,174000.0,0.0,0.0,0.0,0.0,4010.0,67300.0,178.0,0.0,234.11315035470267
228,229,Limestone,5.4,25.0,0.0,0.0,191.0,34000.0,165000.0,0.0,0.0,0.0,0.0,3340.0,61800.0,211.0,0.0,234.11315035470267
229,230,Limestone,5.7,25.0,0.0,0.0,209.0,36600.0,177000.0,0.0,0.0,0.0,0.0,3700.0,65400.0,216.0,0.0,234.11315035470267
230,231,Limestone,6.0,25.0,0.0,0.0,304.0,37400.0,168000.0,0.0,0.0,0.0,0.0,3990.0,58600.0,190.0,0.0,234.11315035470267
231,232,0,5.7,25.0,0.0,0.0,168.0,38200.0,186000.0,0.0,0.0,0.0,0.0,2923.0,71323.0,184.0,0.0,231.1656553083783
232,233,0,5.0,25.0,0.0,0.0,216.0,37700.0,189000.0,0.0,0.0,0.0,0.0,2688.0,74335.0,224.0,0.0,232.0620584410233
233,234,0,5.8,25.0,0.0,0.0,202.0,38800.0,192000.0,0.0,0.0,0.0,0.0,2841.0,74710.0,202.0,0.0,231.42394095676752
234,235,0,5.7,25.0,0.0,0.0,234.0,38000.0,184800.0,0.0,0.0,0.0,0.0,3474.0,69765.0,177.0,0.0,231.42394095676752
235,236,0,5.8,25.0,0.0,0.0,204.0,36700.0,181200.0,0.0,0.0,0.0,0.0,3321.0,69201.0,175.0,0.0,231.48471405050617
236,237,0,6.6,25.0,0.0,0.0,66.0,8500.0,79200.0,0.0,0.0,0.0,0.0,1760.0,38800.0,1120.0,0.0,111.86807229941435
237,238,Limestone,6.4,25.0,0.0,0.0,100.0,12400.0,84000.0,0.0,0.0,0.0,0.0,1570.0,37700.0,996.0,0.0,138.57784699754964
238,239,Sandstone,6.8,25.0,0.0,132.0,121.0,4200.0,45000.0,0.0,0.0,0.0,0.0,971.0,22600.0,53.0,0.0,120.40669196969425
239,240,Sandstone,6.4,25.0,0.0,129.0,121.0,4700.0,44400.0,0.0,0.0,0.0,0.0,935.0,21810.0,302.0,0.0,120.40669196969425
240,241,Sandstone,6.6,25.0,0.0,116.0,116.0,4200.0,45200.0,0.0,0.0,0.0,0.0,971.0,22700.0,36.0,0.0,120.40669196969425
241,242,Sandstone,4.3,25.0,0.0,0.0,11.0,20700.0,131400.0,181.0,0.0,0.0,0.0,2185.0,57350.27,288.0,0.0,177.8372655527156
242,243,Sandstone,6.4,25.0,0.0,0.0,128.0,1263.0,7748.0,80.0,0.0,0.0,0.0,114.0,3446.23,95.0,0.0,240.6310646581725
243,244,Sandstone,5.3,25.0,0.0,293.0,18.0,13860.0,95000.0,0.0,0.0,0.0,0.0,1630.0,42600.0,0.0,0.0,177.8372655527156
244,245,Sandstone,5.6,25.0,0.0,0.0,44.0,19299.0,122692.0,0.0,0.0,0.0,0.0,2019.0,53793.0,344.0,0.0,177.8372655527156
245,246,Sandstone,3.5,25.0,0.0,0.0,0.0,20400.0,134400.0,180.0,0.0,0.0,0.0,2447.0,59041.0,237.0,0.0,177.8372655527156
246,247,Sandstone,5.1,25.0,0.0,0.0,32.84,34202.0,171369.44,0.0,0.0,0.0,0.0,2563.01,67176.54,236.95,0.0,240.6310646581725
247,248,Sandstone,7.0,25.0,0.0,0.0,161.81,674.36,3663.23,0.0,0.0,0.0,0.0,23.12,1618.6,7.04,0.0,240.6310646581725
248,249,Sandstone,4.5,25.0,0.0,0.0,15.03,462.92,1975.94,0.0,0.0,0.0,0.0,42.08,675.58,3.01,0.0,240.6310646581725
249,250,Sandstone,4.1,25.0,0.0,0.0,6.97,28502.0,167290.82,390.43,0.0,0.0,0.0,2082.3,71664.03,267.26,0.0,205.18515773510669
250,251,Limestone,5.8,25.0,0.0,0.0,65.13,96.19,491.98,14.03,0.0,0.0,0.0,12.02,253.69,91.18,0.0,271.07838462123465
251,252,Limestone,3.6,25.0,0.0,0.0,0.0,17830.0,113982.4,0.0,0.0,0.0,0.0,1771.84,50180.48,136.64,0.0,271.07838462123465
252,253,Limestone,5.0,25.0,0.0,0.0,11.07,666.98,4744.3,0.0,0.0,0.0,0.0,66.4,2215.61,62.37,0.0,271.86843483983705
253,254,Limestone,5.2,25.0,0.0,0.0,18.05,477.43,1672.0,68.2,0.0,0.0,0.0,52.16,457.37,25.08,0.0,271.86843483983705
254,255,Sandstone,4.8,25.0,0.0,0.0,36.05,29599.0,163310.79,0.0,0.0,0.0,0.0,2515.57,67344.68,282.61,0.0,205.21554428197607
255,256,Sandstone,5.2,25.0,0.0,0.0,72.79,33102.0,181090.67,76.31,0.0,0.0,0.0,2385.57,75093.74,268.85,0.0,215.50139039724206
256,257,Sandstone,4.9,25.0,0.0,54.0,54.0,29100.0,150000.0,0.0,0.0,0.0,0.0,1640.0,60800.0,102.0,0.0,217.87154105304924
257,258,Sandstone,5.6,25.0,0.0,56.0,100.0,29000.0,156000.0,0.0,0.0,0.0,0.0,2070.0,64000.0,117.0,0.0,217.87154105304924
258,259,Sandstone,4.2,25.0,0.0,0.0,20.06,35258.0,188292.6,427.16,0.0,0.0,0.0,3068.0,75593.16,161.66,0.0,215.50139039724206
259,260,Sandstone,4.9,25.0,0.0,0.0,59.05,38909.0,183007.76,0.0,0.0,0.0,0.0,2399.79,69632.94,220.85,0.0,215.50139039724206
260,261,Sandstone,4.4,25.0,0.0,0.0,13.0,21100.0,132000.0,139.0,0.0,0.0,0.0,1202.0,59253.0,390.0,0.0,177.95881174019289
261,262,Sandstone,5.0,25.0,0.0,0.0,30.0,21500.0,132600.0,0.0,0.0,0.0,0.0,1639.0,58351.0,315.0,0.0,177.95881174019289
262,263,Sandstone,4.2,25.0,0.0,0.0,13.0,20800.0,131400.0,0.0,0.0,0.0,0.0,1857.0,57391.0,258.0,0.0,177.95881174019289
263,264,Limestone,4.7,25.0,0.0,0.0,20.54,43804.0,227029.1,60.4,0.0,0.0,0.0,3906.67,89713.33,239.18,0.0,269.46789763716055
264,265,Sandstone,5.8,25.0,0.0,0.0,124.88,20940.0,110903.48,133.8,0.0,0.0,0.0,1393.75,45460.78,314.43,0.0,221.27483430241347
265,266,Limestone,5.8,25.0,0.0,0.0,219.01,44738.0,222684.77,0.0,0.0,0.0,0.0,3225.86,87180.5,229.9,0.0,269.46789763716055
266,267,Limestone,5.7,25.0,0.0,0.0,245.02,43079.0,217852.64,1719.0,0.0,0.0,0.0,3681.35,85377.15,766.45,0.0,243.3810471498463
267,268,Limestone,6.3,25.0,0.0,0.0,177.79,29043.0,144184.78,14.91,0.0,0.0,0.0,2267.62,56073.39,227.11,0.0,268.5563012310808
268,269,Limestone,5.8,25.0,0.0,0.0,46.17,24077.0,122978.34,0.0,0.0,0.0,0.0,1906.32,48603.79,126.11,0.0,271.4126366367972
269,270,Limestone,5.8,25.0,0.0,0.0,240.57,46798.0,224897.72,0.0,0.0,0.0,0.0,3291.44,86138.64,234.5,0.0,271.4126366367972
270,271,Limestone,5.7,25.0,0.0,0.0,204.62,47670.0,240569.62,71.86,0.0,0.0,0.0,2980.45,95907.76,297.19,0.0,271.4126366367972
271,272,0,5.8,25.0,0.0,0.0,119.57,14832.0,91122.31,115.19,0.0,0.0,0.0,1440.36,39639.0,499.14,0.0,182.1521552081595
272,273,Sandstone,4.7,25.0,0.0,0.0,40.92,33242.0,168298.59,0.0,0.0,0.0,0.0,1277.72,68999.06,261.86,0.0,204.12162859468037
273,274,Sandstone,4.4,25.0,0.0,0.0,33.84,30192.0,173803.64,625.51,0.0,0.0,0.0,3238.43,71549.94,204.23,0.0,204.12162859468037
274,275,Shale,3.8,25.0,0.0,0.0,0.0,31750.0,178551.74,440.3,0.0,0.0,0.0,3121.89,73199.21,199.07,0.0,219.39086839651543
275,276,Sandstone,4.3,25.0,0.0,0.0,5.85,31485.0,172650.78,315.63,0.0,0.0,0.0,2886.26,70515.25,260.69,0.0,219.39086839651543
276,277,Shale,5.1,25.0,0.0,0.0,38.58,31579.0,179490.6,135.6,0.0,0.0,0.0,3026.54,74638.31,360.05,0.0,207.29702274252472
277,278,Sandstone,3.8,25.0,0.0,0.0,0.0,37267.0,192895.78,841.34,0.0,0.0,0.0,2243.18,78232.82,280.84,0.0,215.50139039724206
278,279,Sandstone,3.8,25.0,0.0,0.0,0.0,25200.0,141600.0,0.0,0.0,0.0,0.0,2884.0,63315.0,147.0,0.0,249.62548253149228
279,280,Sandstone,6.7,25.0,0.0,0.0,307.0,5580.0,17760.0,0.0,0.0,0.0,0.0,354.0,4574.0,51.0,0.0,223.76653114569802
280,281,Limestone,6.3,25.0,0.0,0.0,198.0,1200.0,6800.0,0.0,0.0,0.0,0.0,127.0,2980.0,248.0,0.0,271.0631913478
281,282,Limestone,4.2,25.0,0.0,0.0,5.02,429.28,1348.03,0.0,0.0,0.0,0.0,38.11,389.99,167.5,0.0,271.0631913478
282,283,0,3.8,25.0,0.0,0.0,0.0,27850.0,165706.05,267.03,0.0,0.0,0.0,2714.42,73129.07,332.05,0.0,205.21554428197607
283,284,0,6.7,25.0,0.0,0.0,505.0,890.0,11100.0,0.0,0.0,0.0,0.0,129.0,8110.0,4230.0,0.0,137.49912458368865
284,285,Limestone,10.4,25.0,0.0,0.0,160.06,7655.0,54971.6,0.0,0.0,0.0,0.0,33.92,27576.96,1147.98,0.0,153.2089693151289
285,286,Limestone,6.0,25.0,0.0,0.0,120.0,18700.0,117000.0,0.0,0.0,0.0,0.0,1857.0,51274.0,777.0,0.0,156.61226256449316
286,287,Sandstone,4.9,25.0,0.0,32.0,50.0,39800.0,208800.0,0.0,0.0,0.0,0.0,2447.0,85149.0,213.0,0.0,239.14212386157567
287,288,Sandstone,4.7,25.0,0.0,0.0,30.0,38800.0,201000.0,0.0,0.0,0.0,0.0,2731.0,80698.0,220.0,0.0,239.06615749440235
288,289,Sandstone,5.0,25.0,0.0,0.0,44.0,33800.0,198000.0,0.0,0.0,0.0,0.0,2610.0,84614.0,200.0,0.0,239.09654404127173
289,290,Sandstone,3.8,25.0,0.0,0.0,0.0,19220.0,100883.12,0.0,0.0,0.0,0.0,1349.43,40934.65,234.68,0.0,239.06615749440235
290,291,Sandstone,5.63,25.0,0.0,0.0,58.0,17136.0,89799.0,0.0,0.0,0.0,0.0,617.0,29348.0,75.0,0.0,214.2859285224691
291,292,Sandstone,5.46,25.0,0.0,0.0,97.0,29072.0,137966.0,0.0,0.0,0.0,0.0,400.0,55135.0,155.0,0.0,219.28451548247284
292,293,0,4.86,25.0,0.0,0.0,75.0,7192.0,39006.0,0.0,0.0,0.0,0.0,250.0,16594.0,150.0,0.0,252.54259103094736
293,294,0,6.1,25.0,0.0,0.0,122.0,16352.0,87961.0,0.0,0.0,0.0,0.0,632.0,36887.0,85.0,0.0,231.39355440989817
294,295,Limestone,5.98,25.0,0.0,0.0,259.0,38100.0,203000.0,0.0,0.0,0.0,0.0,2950.0,82600.0,124.0,0.0,269.39193126998714
295,296,Limestone,5.7,25.0,0.0,0.0,181.0,844.0,184140.0,0.0,0.0,0.0,0.0,147.0,118394.0,100.0,0.0,261.0204376074886
296,297,Limestone,4.3,25.0,0.0,0.0,2.12,9644.0,50808.33,0.0,0.0,0.0,0.0,829.47,20421.52,216.89,0.0,282.10870113479905
297,298,Sandstone,5.3,25.0,0.0,0.0,67.0,23300.0,153000.0,380.0,0.0,0.0,0.0,2403.0,67695.0,184.0,0.0,225.2554719422949
298,299,0,4.94,25.0,0.0,0.0,0.0,18913.0,119976.44,0.0,0.0,0.0,0.0,2304.49,51947.45,408.28,0.0,193.77500938567576
299,300,Sandstone,6.8,25.0,0.0,0.0,61.17,4900.0,46280.24,0.0,0.0,0.0,0.0,966.11,22581.13,0.0,0.0,77.18182904808161
300,301,0,7.0,25.0,0.0,0.0,100.0,1866.0,27400.0,2.5,0.0,0.0,0.0,471.0,14771.0,2.0,12.5,64.34351299579245
301,302,0,7.0,25.0,0.0,0.0,196.42,961.15,21320.0,4.55,0.0,0.0,0.0,631.82,11598.62,0.0,6.5,64.46505918326973
302,303,0,7.0,25.0,0.0,0.0,93.0,2067.0,29200.0,9.0,0.0,0.0,0.0,496.0,15657.0,2.0,12.5,63.994067706795214
303,304,0,6.6,25.0,0.0,0.0,156.0,28200.0,156000.0,0.0,0.0,0.0,0.0,3280.0,62800.0,301.0,0.0,208.4820980704283
304,305,0,5.9,25.0,45.0,6.0,55.0,28518.0,184422.0,18.0,13.0,20.0,5.0,3907.0,77630.0,166.0,0.0,213.07046664769615
305,306,0,6.1,25.0,0.0,0.0,216.94,39390.0,206269.64,5.96,0.0,0.0,0.0,3725.0,81743.78,265.82,0.0,217.76518813900665
306,307,0,5.9,25.0,0.0,0.0,224.28,38001.0,197136.09,5.97,0.0,0.0,0.0,3154.29,78523.26,323.3,0.0,217.76518813900665
307,308,Limestone,6.0,25.0,0.0,0.0,216.94,38053.0,202042.81,0.0,0.0,0.0,0.0,3463.95,81022.62,249.13,0.0,217.76518813900665
308,309,Limestone,6.3,25.0,0.0,0.0,183.41,38820.0,205673.79,0.0,0.0,0.0,0.0,3500.35,82411.25,238.2,0.0,217.76518813900665
309,310,0,6.0,25.0,0.0,0.0,162.0,30100.0,162000.0,0.0,0.0,0.0,0.0,3640.0,63700.0,193.0,0.0,217.61325540465998
310,311,0,6.2,25.0,0.0,0.0,103.0,30700.0,165600.0,0.0,0.0,0.0,0.0,3450.0,65700.0,153.0,0.0,217.24861684222813
311,312,0,5.8,25.0,0.0,0.0,187.0,31282.0,167371.0,0.0,0.0,0.0,0.0,3365.0,66497.0,279.0,0.0,217.27900338909743
312,313,Limestone,6.3,25.0,0.0,0.0,207.41,39605.0,205846.48,2.38,0.0,0.0,0.0,2813.12,82910.75,197.87,0.0,217.55248231092136
313,314,Limestone,5.9,25.0,0.0,0.0,230.25,37559.0,201366.47,7.16,0.0,0.0,0.0,4744.56,78742.77,275.58,0.0,217.55248231092136
314,315,0,5.8,25.0,0.0,0.0,215.93,38490.0,199251.28,3.58,0.0,0.0,0.0,3988.2,80485.75,297.06,0.0,217.55248231092136
315,316,0,5.8,25.0,0.0,0.0,165.69,39247.0,204156.22,5.96,0.0,0.0,0.0,5222.15,77755.35,407.66,0.0,217.55248231092136
316,317,Limestone,6.4,25.0,0.0,0.0,83.71,36657.0,191059.31,7.07,0.0,0.0,0.0,2369.79,77507.46,222.83,0.0,218.90468364660626
317,318,Limestone,5.7,25.0,0.0,0.0,113.28,35021.0,190803.64,0.0,0.0,0.0,0.0,4821.48,74596.06,239.54,0.0,218.72236436539032
318,319,0,5.5,25.0,0.0,0.0,96.68,36090.0,181443.38,17.69,0.0,0.0,0.0,4649.98,67610.93,214.58,0.0,218.90468364660626
319,320,0,5.0,25.0,0.0,0.0,18.86,43095.0,188551.58,117.9,0.0,0.0,0.0,4302.17,64814.35,224.01,0.0,218.90468364660626
320,321,0,5.7,25.0,0.0,0.0,93.14,35617.0,189387.49,9.43,0.0,0.0,0.0,4521.47,73642.7,411.47,0.0,218.90468364660626
321,322,0,6.0,25.0,0.0,0.0,193.1,39844.0,206269.64,57.22,0.0,0.0,0.0,5079.11,78656.5,271.78,0.0,217.78038141244133
322,323,0,5.6,25.0,0.0,0.0,152.83,39373.0,197301.34,26.27,0.0,0.0,0.0,3573.64,75957.5,314.02,0.0,217.78038141244133
323,324,Limestone,5.9,25.0,0.0,0.0,219.33,36811.0,201197.68,0.0,0.0,0.0,0.0,4323.38,80294.31,286.08,0.0,217.78038141244133
324,325,Limestone,6.0,25.0,0.0,0.0,177.61,39498.0,206691.61,8.34,0.0,0.0,0.0,3894.26,81542.34,228.86,0.0,217.78038141244133
325,326,0,5.8,25.0,0.0,0.0,198.0,29599.0,167371.0,0.0,0.0,0.0,0.0,2447.0,70172.0,287.0,0.0,218.3273392560891
326,327,0,5.9,25.0,0.0,0.0,199.06,37682.0,205846.48,2.38,0.0,0.0,0.0,4883.62,81293.21,392.17,0.0,218.3273392560891
327,328,0,6.1,25.0,0.0,0.0,194.3,40537.0,202042.81,0.0,0.0,0.0,0.0,4714.36,75810.01,271.78,0.0,218.3273392560891
328,329,0,6.1,25.0,0.0,0.0,203.83,37981.0,206269.64,0.0,0.0,0.0,0.0,4766.81,81382.61,257.47,0.0,218.3273392560891
329,330,0,6.0,25.0,0.0,0.0,224.28,36985.0,195443.23,4.77,0.0,0.0,0.0,3818.79,77318.33,286.32,0.0,218.3273392560891
330,331,Limestone,6.0,25.0,0.0,0.0,186.99,37066.0,200183.28,0.0,0.0,0.0,0.0,4424.57,79150.29,307.28,0.0,218.3273392560891
331,332,0,6.3,25.0,0.0,0.0,185.64,39253.0,202125.07,5.95,0.0,0.0,0.0,4238.78,78243.69,218.96,0.0,218.3273392560891
332,333,0,5.9,25.0,0.0,0.0,193.0,30601.0,170208.0,0.0,0.0,0.0,0.0,3387.0,63072.0,264.0,0.0,217.78038141244133
333,334,Limestone,5.6,25.0,0.0,248.0,49.0,16200.0,108000.0,0.0,0.0,0.0,0.0,1160.0,49300.0,0.0,0.0,157.1896069550103
334,335,Limestone,5.8,25.0,0.0,256.0,72.0,15800.0,105000.0,0.0,0.0,0.0,0.0,1280.0,47500.0,0.0,0.0,157.1896069550103
335,336,Limestone,4.6,25.0,0.0,302.0,6.0,18800.0,117000.0,0.0,0.0,0.0,0.0,2190.0,50100.0,0.0,0.0,170.7875866790326
336,337,Limestone,5.0,25.0,0.0,237.0,6.0,18600.0,116000.0,0.0,0.0,0.0,0.0,2310.0,49500.0,0.0,0.0,170.7875866790326
337,338,Limestone,4.9,25.0,0.0,268.0,9.0,18800.0,119000.0,0.0,0.0,0.0,0.0,2070.0,51700.0,0.0,0.0,170.7875866790326
338,339,Limestone,4.5,25.0,0.0,218.0,3.0,18500.0,116000.0,0.0,0.0,0.0,0.0,2070.0,50100.0,0.0,0.0,170.7875866790326
339,340,Limestone,5.6,25.0,0.0,215.0,73.0,18500.0,116000.0,290.0,0.0,0.0,0.0,2076.0,52400.0,0.0,0.0,170.7875866790326
340,341,Limestone,6.3,25.0,0.0,0.0,225.91,38302.0,201955.22,3.57,0.0,0.0,0.0,3091.4,81370.4,212.83,0.0,217.05110428757754
341,342,0,6.0,25.0,0.0,0.0,216.58,42519.0,202547.52,24.99,0.0,0.0,0.0,4004.35,77945.0,260.61,0.0,217.05110428757754
342,343,0,5.5,25.0,0.0,0.0,197.71,38307.0,197227.22,11.91,0.0,0.0,0.0,3643.27,77283.99,294.18,0.0,217.05110428757754
343,344,Limestone,5.9,25.0,0.0,0.0,209.44,37035.0,200860.1,0.0,0.0,0.0,0.0,4680.27,79112.39,254.66,0.0,217.05110428757754
344,345,0,6.0,25.0,0.0,0.0,235.82,38140.0,203562.15,0.0,0.0,0.0,0.0,4163.74,80577.11,215.57,0.0,218.4792719904357
345,346,0,5.9,25.0,0.0,0.0,169.12,37817.0,203984.95,15.48,0.0,0.0,0.0,4905.73,79889.9,418.04,0.0,218.4792719904357
346,347,0,5.9,25.0,0.0,0.0,138.39,38252.0,192905.71,188.49,0.0,0.0,0.0,4392.63,73089.15,261.27,0.0,218.4792719904357
347,348,Limestone,5.9,25.0,0.0,0.0,177.46,38021.0,203562.15,0.0,0.0,0.0,0.0,4658.0,79775.56,256.07,0.0,218.4792719904357
348,349,Limestone,6.7,25.0,0.0,0.0,216.76,38999.0,207363.82,2.38,0.0,0.0,0.0,3188.31,83896.42,222.72,0.0,218.4792719904357
349,350,0,5.9,25.0,0.0,0.0,174.0,31122.0,170280.0,0.0,0.0,0.0,0.0,3190.0,68911.0,301.0,0.0,217.70441504526798
350,351,0,6.0,25.0,0.0,0.0,155.0,29900.0,159000.0,0.0,0.0,0.0,0.0,3550.0,62100.0,187.0,0.0,218.4792719904357
351,352,0,6.0,25.0,0.0,0.0,180.0,25900.0,147000.0,0.0,0.0,0.0,0.0,3409.0,59307.0,270.0,0.0,218.44888544356638
352,353,0,6.2,25.0,0.0,0.0,150.0,28800.0,156000.0,0.0,0.0,0.0,0.0,5220.0,62100.0,123.0,0.0,218.4792719904357
353,354,0,6.0,25.0,0.0,0.0,244.0,32264.0,170208.0,0.0,0.0,0.0,0.0,3146.0,67626.0,287.0,0.0,218.55523835760906
354,355,Limestone,6.4,25.0,0.0,0.0,216.76,40109.0,205673.79,2.38,0.0,0.0,0.0,1392.28,84942.12,263.21,0.0,236.71120011202981
355,356,0,5.9,25.0,0.0,0.0,194.3,39821.0,202042.81,4.77,0.0,0.0,0.0,4949.18,76185.49,272.97,0.0,218.4792719904357
356,357,0,5.9,25.0,0.0,0.0,231.44,40009.0,198404.25,2.39,0.0,0.0,0.0,4757.68,73988.67,272.0,0.0,236.71120011202981
357,358,0,6.1,25.0,0.0,0.0,229.06,41097.0,204749.82,3.58,0.0,0.0,0.0,5030.88,76336.49,268.43,0.0,236.71120011202981
358,359,0,5.9,25.0,0.0,0.0,183.57,39271.0,203311.1,8.34,0.0,0.0,0.0,5105.34,77387.02,363.56,0.0,236.71120011202981
359,360,Limestone,6.1,25.0,98.0,5.0,80.0,35450.0,177500.0,16.0,12.0,1040.0,55.0,1310.0,73000.0,18.0,0.0,217.56767558435604
360,361,Limestone,6.5,25.0,182.0,6.0,52.0,32530.0,180530.0,8.0,10.0,14840.0,78.0,2826.0,96320.0,1020.0,0.0,220.5455571775497
361,362,0,6.3,25.0,0.0,0.0,181.0,30500.0,162000.0,0.0,0.0,0.0,0.0,3180.0,64200.0,198.0,0.0,218.87429709973694
362,363,0,6.3,25.0,0.0,0.0,187.0,30200.0,167400.0,0.0,0.0,0.0,0.0,3460.0,67900.0,224.0,0.0,217.78038141244133
363,364,0,6.3,25.0,0.0,0.0,187.0,30000.0,165000.0,0.0,0.0,0.0,0.0,3640.0,65800.0,226.0,0.0,218.17540652174256
364,365,0,6.0,25.0,0.0,0.0,187.0,30500.0,168000.0,0.0,0.0,0.0,0.0,3340.0,67800.0,231.0,0.0,218.4792719904357
365,366,0,6.3,25.0,0.0,0.0,169.0,30000.0,166200.0,0.0,0.0,0.0,0.0,3640.0,66600.0,222.0,0.0,218.4792719904357
366,367,0,6.0,25.0,0.0,0.0,184.0,29700.0,165000.0,0.0,0.0,0.0,0.0,3400.0,66600.0,243.0,0.0,217.23342356879348
367,368,0,5.9,25.0,0.0,0.0,169.0,29900.0,159000.0,0.0,0.0,0.0,0.0,3880.0,61900.0,193.0,0.0,218.38811234982774
368,369,0,5.8,25.0,0.0,0.0,177.76,37642.0,205173.33,0.0,0.0,0.0,0.0,5292.15,80120.69,390.11,0.0,217.78038141244133
369,370,0,6.3,25.0,0.0,0.0,209.0,30300.0,168000.0,0.0,0.0,0.0,0.0,1682.0,71142.0,266.0,0.0,218.38811234982774
370,371,0,6.0,25.0,0.0,0.0,150.0,30600.0,161000.0,0.0,0.0,0.0,0.0,3470.0,63000.0,198.0,0.0,218.38811234982774
371,372,Limestone,8.0,25.0,0.0,0.0,415.0,28000.0,147000.0,0.0,0.0,0.0,0.0,2190.0,59300.0,221.0,0.0,217.05110428757754
372,373,Limestone,5.6,25.0,0.0,112.0,24.0,18400.0,114000.0,0.0,0.0,0.0,0.0,2250.0,48500.0,6.0,0.0,217.05110428757754
373,374,Limestone,5.4,25.0,0.0,157.0,30.0,19100.0,118000.0,0.0,0.0,0.0,0.0,2250.0,50300.0,0.0,0.0,217.05110428757754
374,375,Limestone,5.4,25.0,0.0,203.0,49.0,17800.0,115000.0,0.0,0.0,0.0,0.0,2550.0,49300.0,0.0,0.0,217.05110428757754
375,376,Limestone,5.2,25.0,0.0,212.0,12.0,18900.0,118000.0,0.0,0.0,0.0,0.0,2310.0,50700.0,0.0,0.0,217.05110428757754
376,377,Limestone,4.8,25.0,0.0,218.0,6.0,18600.0,117000.0,0.0,0.0,0.0,0.0,2370.0,50000.0,0.0,0.0,217.05110428757754
377,378,Limestone,5.1,25.0,0.0,222.0,12.0,19000.0,119000.0,0.0,0.0,0.0,0.0,2310.0,51000.0,0.0,0.0,217.05110428757754
378,379,0,6.0,25.0,0.0,0.0,156.0,29100.0,164000.0,0.0,0.0,0.0,0.0,4180.0,65300.0,199.0,0.0,218.4792719904357
379,380,0,6.0,25.0,0.0,0.0,103.0,28600.0,159000.0,0.0,0.0,0.0,0.0,3280.0,64200.0,203.0,0.0,218.90468364660626
380,381,Limestone,6.2,25.0,0.0,0.0,54.0,8842.0,123600.0,0.0,0.0,0.0,0.0,655.0,68442.0,350.0,0.0,202.1920828684784
381,382,0,6.3,25.0,0.0,0.0,139.0,30000.0,153000.0,0.0,0.0,0.0,0.0,3160.0,38900.0,160.0,0.0,202.252855962217
382,383,0,9.9,25.0,0.0,0.0,222.0,24500.0,118000.0,0.0,0.0,0.0,0.0,61.0,48700.0,354.0,0.0,91.85853118596485
383,384,0,6.4,25.0,0.0,0.0,269.0,33900.0,173400.0,0.0,0.0,0.0,0.0,2819.0,68404.0,322.0,0.0,230.58831091786112
384,385,Sandstone,5.0,25.0,0.0,0.0,58.75,32541.0,182495.13,493.5,0.0,0.0,0.0,2721.3,75627.7,289.05,0.0,194.29158068245425
385,386,0,5.9,25.0,0.0,0.0,105.89,14420.0,99736.57,61.77,0.0,0.0,0.0,1291.61,45859.43,45.22,0.0,157.8581109861354
386,387,Sandstone,5.2,25.0,0.0,0.0,38.15,27822.0,152899.5,173.4,0.0,0.0,0.0,2235.7,63174.24,308.65,0.0,194.29158068245425
387,388,Sandstone,5.7,25.0,0.0,0.0,42.0,22500.0,126000.0,0.0,0.0,0.0,0.0,3911.0,48549.0,170.0,0.0,173.75027499879158
388,389,Sandstone,5.2,25.0,0.0,0.0,19.0,21700.0,128400.0,0.0,0.0,0.0,0.0,2360.0,40146.0,163.0,0.0,186.8164901526007
389,390,Sandstone,4.1,25.0,0.0,0.0,10.0,21912.0,127656.0,0.0,0.0,0.0,0.0,2237.0,53584.0,334.0,0.0,186.8164901526007
390,391,Sandstone,4.2,25.0,0.0,0.0,12.0,20700.0,126000.0,0.0,0.0,0.0,0.0,2610.0,53100.0,162.0,0.0,186.8164901526007
391,392,0,6.0,25.0,0.0,0.0,254.0,35800.0,174600.0,14.0,0.0,0.0,0.0,3321.0,66027.0,247.0,0.0,230.58831091786112
392,393,Limestone,6.1,25.0,0.0,0.0,92.75,29566.0,145759.65,6.87,0.0,0.0,0.0,2852.2,55351.59,212.97,0.0,231.2720082224209
393,394,Limestone,4.9,25.0,0.0,0.0,30.08,30130.0,163698.15,68.26,0.0,0.0,0.0,2566.23,66845.68,192.06,0.0,231.2720082224209
394,395,0,5.8,25.0,0.0,0.0,172.8,44019.0,209781.6,0.0,0.0,0.0,0.0,4274.4,77739.6,444.0,0.0,203.9241160400298
395,396,Sandstone,4.7,25.0,0.0,0.0,31.37,30028.0,166465.8,339.3,0.0,0.0,0.0,2043.96,69493.41,249.83,0.0,193.94213539345702
396,397,Sandstone,5.6,25.0,0.0,0.0,77.39,27473.0,154405.02,360.36,0.0,0.0,0.0,2182.95,64637.27,251.79,0.0,193.94213539345702
397,398,Sandstone,5.7,25.0,0.0,0.0,84.46,28611.0,165339.93,254.54,0.0,0.0,0.0,2464.41,69897.84,258.01,0.0,193.94213539345702
398,399,Sandstone,4.5,25.0,0.0,0.0,8.09,28990.0,158706.24,173.25,0.0,0.0,0.0,2624.16,65117.75,304.92,0.0,193.94213539345702
399,400,Sandstone,3.6,25.0,0.0,0.0,0.0,28863.0,159319.55,92.4,0.0,0.0,0.0,2397.78,65779.56,218.3,0.0,193.94213539345702
400,401,Sandstone,5.2,25.0,0.0,469.0,18.0,18400.0,114000.0,0.0,0.0,0.0,0.0,2425.0,48204.0,4.0,0.0,170.51410775720865
401,402,Sandstone,5.8,25.0,0.0,0.0,341.3,43841.0,219810.38,1.21,0.0,0.0,0.0,2955.91,92251.76,336.47,0.0,194.32196722932358
402,403,Sandstone,4.1,25.0,0.0,0.0,2.31,28328.0,154342.89,0.0,0.0,0.0,0.0,2731.46,62560.63,269.8,0.0,194.01810176063034
403,404,Sandstone,4.8,25.0,0.0,0.0,46.29,20168.0,128710.52,0.0,0.0,0.0,0.0,2165.42,56352.91,199.83,0.0,170.51410775720865
404,405,0,6.7,25.0,0.0,0.0,96.0,14800.0,101000.0,0.0,0.0,0.0,0.0,1966.0,44804.0,0.0,0.0,148.46866800351444
405,406,0,6.3,25.0,0.0,620.0,60.0,15000.0,103800.0,0.0,0.0,0.0,0.0,2010.0,46299.0,4.0,0.0,148.71176037846905
406,407,Sandstone,3.5,25.0,0.0,0.0,0.0,28237.0,159181.61,100.4,0.0,0.0,0.0,2332.23,66536.18,225.03,0.0,193.8661690262837
407,408,0,6.1,25.0,0.0,0.0,51.84,19359.0,125884.77,0.0,0.0,0.0,0.0,2319.37,55056.2,36.06,0.0,162.188193915014
408,409,0,5.8,25.0,0.0,0.0,75.24,18161.0,123248.13,0.0,0.0,0.0,0.0,2262.85,54836.09,37.06,0.0,157.15922040814098
409,410,0,6.2,25.0,0.0,0.0,36.8,16128.0,113473.55,0.0,0.0,0.0,0.0,2080.59,51170.7,26.76,0.0,148.42308818321047
410,411,0,6.1,25.0,0.0,0.0,65.08,12965.0,100910.16,0.0,0.0,0.0,0.0,1889.44,47421.28,823.9399999999999,0.0,121.68292693820584
411,412,Limestone,5.8,25.0,0.0,0.0,265.0,37300.0,180600.0,6.0,0.0,0.0,0.0,3321.0,68161.0,208.0,0.0,230.11731944138663
412,413,0,6.0,25.0,0.0,0.0,266.0,37080.0,180600.0,19.0,0.0,0.0,0.0,1770.0,71499.0,339.0,0.0,229.3424624962189
413,414,0,5.8,25.0,0.0,0.0,245.0,7400.0,78200.0,0.0,0.0,0.0,0.0,789.0,41000.0,312.0,0.0,232.88249520649507
414,415,0,5.4,25.0,0.0,0.0,108.0,11000.0,80800.0,0.0,0.0,0.0,0.0,789.0,38400.0,281.0,0.0,232.88249520649507
415,416,0,5.8,25.0,0.0,0.0,145.0,6800.0,63100.0,0.0,0.0,0.0,0.0,668.0,32000.0,275.0,0.0,232.88249520649507
416,417,Sandstone,5.9,25.0,0.0,99.0,60.0,19000.0,121800.0,0.0,0.0,0.0,0.0,2513.0,52437.0,33.0,0.0,173.79585481909555
417,418,0,5.8,25.0,0.0,0.0,184.65,43382.0,210456.87,0.0,0.0,0.0,0.0,4545.41,78228.76,83.93,0.0,230.58831091786112
418,419,0,5.8,25.0,0.0,0.0,215.0,40060.0,213051.0,0.0,0.0,0.0,0.0,2294.0,87405.0,212.0,0.0,230.22367235542927
419,420,Limestone,5.8,25.0,0.0,0.0,265.98,46857.0,223787.11,0.0,0.0,0.0,0.0,3618.54,84754.53,382.04,0.0,227.88390824649133
420,421,Limestone,5.8,25.0,0.0,0.0,494.48,46567.0,220786.37,1.21,0.0,0.0,0.0,4649.81,81296.79,299.83,0.0,227.83832842618733
421,422,Limestone,6.3,25.0,0.0,0.0,197.07,44192.0,225073.49,3.63,0.0,0.0,0.0,4993.17,85981.66,176.51,0.0,227.83832842618733
422,423,0,5.7,25.0,0.0,0.0,180.29,44980.0,223972.21,0.0,0.0,0.0,0.0,4679.07,85078.73,444.07,0.0,227.83832842618733
423,424,Limestone,5.9,25.0,0.0,0.0,154.75,47633.0,227217.04,0.0,0.0,0.0,0.0,3486.76,86270.61,209.16,0.0,227.83832842618733
424,425,Sandstone,5.4,25.0,0.0,28.0,36.0,24100.0,134400.0,0.0,0.0,0.0,0.0,2098.0,55589.0,184.0,0.0,192.19490894847095
425,426,Limestone,5.2,25.0,109.0,8.0,43.0,32208.0,174587.0,15.0,12.0,1310.0,7.0,5238.0,68930.0,246.0,0.0,223.8880773331753
426,427,Limestone,5.2,25.0,92.0,14.0,41.0,26526.0,147922.0,25.0,18.0,921.0,53.0,3048.0,59479.0,230.0,0.0,222.80935491931433
427,428,Sandstone,6.4,25.0,0.0,430.0,55.0,17800.0,111600.0,0.0,0.0,0.0,0.0,1760.0,48628.0,45.0,0.0,194.4738999636702
428,429,Sandstone,5.9,25.0,0.0,460.0,31.0,18000.0,112200.0,0.0,0.0,0.0,0.0,1700.0,48904.0,71.0,0.0,194.4738999636702
429,430,Sandstone,5.0,25.0,0.0,437.0,12.0,16400.0,105000.0,0.0,0.0,0.0,0.0,2070.0,45700.0,0.0,0.0,194.4738999636702
430,431,Sandstone,6.0,25.0,0.0,442.0,36.0,17100.0,108000.0,0.0,0.0,0.0,0.0,1830.0,46900.0,0.0,0.0,194.4738999636702
431,432,Sandstone,6.1,25.0,0.0,91.0,79.0,19700.0,117600.0,0.0,0.0,0.0,0.0,1700.0,50456.0,41.0,0.0,194.12445467467296
432,433,Sandstone,5.6,25.0,0.0,108.0,31.0,18650.0,114000.0,166.0,0.0,0.0,0.0,2337.0,48087.0,0.0,0.0,194.12445467467296
433,434,Sandstone,5.8,25.0,0.0,111.0,89.0,19200.0,120000.0,135.0,0.0,0.0,0.0,1760.0,52460.0,0.0,0.0,194.12445467467296
434,435,0,6.0,25.0,0.0,518.0,61.0,14000.0,99000.0,0.0,0.0,0.0,0.0,1700.0,44900.0,16.0,0.0,157.49347242370354
435,436,Sandstone,4.7,25.0,0.0,398.0,7.0,16800.0,111000.0,0.0,0.0,0.0,0.0,1820.0,49200.0,14.0,0.0,194.32196722932358
436,437,Sandstone,5.2,25.0,0.0,0.0,39.17,27333.0,150327.94,0.0,0.0,0.0,0.0,2642.69,61295.62,302.98,0.0,191.1009932611753
437,438,0,6.0,25.0,0.0,557.0,37.0,14000.0,100000.0,0.0,0.0,0.0,0.0,1820.0,45400.0,41.0,0.0,157.49347242370354
438,439,Sandstone,5.4,25.0,0.0,424.0,13.0,16800.0,107400.0,0.0,0.0,0.0,0.0,1880.0,46800.0,0.0,0.0,194.32196722932358
439,440,0,5.8,25.0,0.0,0.0,211.0,36700.0,192000.0,0.0,0.0,0.0,0.0,5000.0,73054.0,217.0,0.0,230.93775620685835
440,441,0,5.8,25.0,0.0,0.0,224.0,35500.0,199800.0,0.0,0.0,0.0,0.0,5288.0,78957.0,224.0,0.0,231.6670333317221
441,442,0,5.9,25.0,0.0,6.0,183.0,36700.0,188000.0,0.0,0.0,0.0,0.0,4260.0,71800.0,187.0,0.0,229.23610958217625
442,443,0,6.1,25.0,0.0,0.0,214.0,36800.0,207000.0,3.0,0.0,0.0,0.0,365.0,91226.42,86.0,0.0,229.23610958217625
443,444,0,5.8,25.0,0.0,0.0,222.37,44954.0,212754.0,0.0,0.0,0.0,0.0,5132.54,76813.81,153.86,0.0,226.015135614028
444,445,0,5.8,25.0,0.0,0.0,211.2,44640.0,212400.0,0.0,0.0,0.0,0.0,4836.0,77493.6,136.8,0.0,224.38945535651914
445,446,0,5.8,25.0,0.0,0.0,187.2,44400.0,211200.0,0.0,0.0,0.0,0.0,4980.0,76711.2,139.2,0.0,224.69332082521242
446,447,0,5.6,25.0,0.0,0.0,122.16,39849.0,195690.0,0.0,0.0,0.0,0.0,4198.44,73316.15,111.48,0.0,221.60908631797605
447,448,0,5.7,25.0,0.0,0.0,217.02,43643.0,209825.0,0.0,0.0,0.0,0.0,5131.72,76425.46,167.86,0.0,225.6201105047267
448,449,Sandstone,6.6,25.0,0.0,0.0,132.0,5810.0,55560.0,0.0,0.0,0.0,0.0,1103.0,32858.0,1204.0,0.0,97.93584055982953
449,450,Limestone,5.6,25.0,0.0,4.0,146.0,37000.0,183000.0,0.0,0.0,0.0,0.0,3830.0,69000.0,154.0,0.0,229.23610958217625
450,451,0,5.6,25.0,0.0,0.0,244.0,36400.0,190200.0,0.0,0.0,0.0,0.0,3999.0,74123.0,189.0,0.0,227.89910151992598
451,452,0,5.5,25.0,0.0,0.0,240.0,39620.0,189600.0,0.0,0.0,0.0,0.0,3977.0,70041.0,170.0,0.0,227.89910151992598
452,453,0,6.1,25.0,0.0,0.0,360.0,24300.0,120000.0,0.0,0.0,0.0,0.0,2647.0,45169.0,324.0,0.0,227.89910151992598
453,454,Limestone,6.6,25.0,0.0,0.0,84.0,3400.0,41760.0,0.0,0.0,0.0,0.0,699.0,21923.0,80.0,0.0,228.65876519165917
454,455,Limestone,6.8,25.0,0.0,0.0,276.0,15600.0,83000.0,0.0,0.0,0.0,0.0,2010.0,32428.0,496.0,0.0,230.1780925351253
455,456,0,6.0,25.0,0.0,0.0,228.0,36500.0,187200.0,0.0,0.0,0.0,0.0,3693.0,72645.0,210.0,0.0,227.89910151992598
456,457,0,5.5,25.0,0.0,0.0,222.0,38300.0,181800.0,0.0,0.0,0.0,0.0,4108.0,67063.0,208.0,0.0,227.89910151992598
457,458,0,5.8,25.0,0.0,0.0,241.0,37500.0,186000.0,0.0,0.0,0.0,0.0,4042.0,70047.0,178.0,0.0,227.89910151992598
458,459,0,5.6,25.0,0.0,0.0,240.0,36500.0,198000.0,0.0,0.0,0.0,0.0,4550.0,76900.0,144.0,0.0,234.5993351046118
459,460,0,6.6,25.0,0.0,0.0,144.0,14000.0,64200.0,0.0,0.0,0.0,0.0,1699.0,22700.0,620.0,0.0,235.40457859664892
460,461,0,5.9,25.0,0.0,0.0,267.95,46078.0,226841.17,0.0,0.0,0.0,0.0,5214.24,84620.36,306.58,0.0,228.96263066035235
461,462,0,5.7,25.0,0.0,0.0,198.0,37800.0,192000.0,0.0,0.0,0.0,0.0,2556.0,76393.0,191.0,0.0,231.044109120901
462,463,0,5.7,25.0,0.0,0.0,222.0,37700.0,192000.0,0.0,0.0,0.0,0.0,2862.0,75929.0,171.0,0.0,230.25405890229857
463,464,0,5.2,25.0,0.0,0.0,110.0,38136.0,184037.0,0.0,0.0,0.0,0.0,3758.0,68629.0,191.0,0.0,228.7803113791364
464,465,0,5.7,25.0,0.0,0.0,224.0,37500.0,190200.0,0.0,0.0,0.0,0.0,2622.0,76646.0,242.0,0.0,231.044109120901
465,466,0,6.1,25.0,0.0,0.0,292.0,31700.0,160200.0,0.0,0.0,0.0,0.0,2229.0,63471.0,268.0,0.0,231.2568149489863
466,467,0,6.0,25.0,0.0,0.0,176.0,33800.0,171000.0,0.0,0.0,0.0,0.0,3500.0,65500.0,99.0,0.0,231.02891584746632
467,468,0,6.0,25.0,0.0,40.0,189.0,34100.0,183000.0,0.0,0.0,0.0,0.0,4010.0,72100.0,182.0,0.0,231.02891584746632
468,469,0,5.8,25.0,0.0,34.0,274.0,30600.0,150000.0,6.0,0.0,0.0,0.0,2710.0,55300.0,215.0,0.0,231.02891584746632
469,470,0,5.8,25.0,0.0,0.0,240.0,38200.0,189000.0,0.0,0.0,0.0,0.0,2906.0,73355.0,220.0,0.0,230.72505037877312
470,471,0,5.8,25.0,0.0,0.0,208.0,37500.0,189000.0,0.0,0.0,0.0,0.0,2491.0,74929.0,215.0,0.0,230.48195800381853
471,472,0,5.8,25.0,0.0,0.0,240.0,36900.0,180000.0,0.0,0.0,0.0,0.0,2928.0,68952.0,180.0,0.0,230.25405890229857
472,473,0,5.9,25.0,0.0,60.0,177.0,36700.0,186000.0,126.0,0.0,0.0,0.0,4320.0,70400.0,167.0,0.0,231.02891584746632
473,474,Limestone,7.2,25.0,24.0,12.0,84.0,4424.0,43264.0,92.0,15.0,500.0,28.0,2275.0,20500.0,158.0,0.0,274.28416531594826
474,475,Limestone,6.0,25.0,124.0,7.0,79.0,18747.0,117874.0,26.0,13.0,307.0,12.0,2080.0,50900.0,325.0,0.0,148.95485275342364
475,476,Mixed_Carbonate,6.5,25.0,200.0,5.0,77.0,19048.0,137212.0,3.0,17.0,672.0,28.0,2844.0,62623.0,273.0,0.0,179.0223408806192
476,477,Limestone,5.5,25.0,42.0,1.0,41.0,17500.0,129400.0,6.0,36.0,716.0,24.0,2630.0,58230.0,320.0,0.0,177.36627407624107
477,478,Sandstone,7.0,25.0,15.0,4.0,79.0,20307.0,117685.0,3.0,18.0,273.0,22.0,2896.0,42940.0,314.0,0.0,157.7061782517888
478,479,Limestone,6.5,25.0,28.0,4.0,69.0,20050.0,138612.0,7.0,17.0,388.0,21.0,3086.0,63226.0,416.0,0.0,178.3994166697981
479,480,Limestone,5.5,25.0,92.0,5.0,83.0,20667.0,148715.0,17.0,13.0,1020.0,43.0,2265.0,69450.0,863.0,0.0,197.04156317412804
480,481,Limestone,6.3,25.0,0.0,76.0,90.0,7900.0,63600.0,0.0,0.0,0.0,0.0,1630.0,29100.0,0.0,0.0,107.68992210488236
481,482,Limestone,6.4,25.0,0.0,110.0,72.0,7300.0,60600.0,0.0,0.0,0.0,0.0,2000.0,29100.0,0.0,0.0,106.47446023010943
482,483,Limestone,5.4,25.0,112.0,10.0,41.0,39403.0,183727.0,14.0,10.0,1629.0,1430.0,3008.0,68366.0,267.0,0.0,221.1988679352402
483,484,Limestone,5.3,25.0,52.0,22.0,27.0,42226.0,224370.0,14.0,11.0,1820.0,86.0,3694.0,91711.0,157.0,0.0,219.58838095116602
484,485,0,6.0,25.0,0.0,9.19,36.78,27671.0,134350.87,16.09,0.0,0.0,0.0,2827.28,50231.31,373.52,0.0,195.6741685650085
485,486,Limestone,5.5,25.0,0.0,6.9,13.81,28999.0,133000.1,24.16,0.0,0.0,0.0,2329.76,48799.61,493.56,0.0,193.7142362919371
486,487,0,5.0,25.0,0.0,37.31,7.22,39199.0,185000.26,36.11,0.0,0.0,0.0,4519.89,66499.61,187.78,0.0,193.33440445607053
487,488,0,4.6,25.0,0.0,0.0,0.0,40034.0,176840.51,0.0,0.0,1701.0,0.0,3770.86,49108.64,110.31,0.0,193.47114391698253
488,489,0,5.3,25.0,0.0,29.75,11.9,38406.0,172679.24,33.31,0.0,0.0,0.0,3760.96,60834.47,201.08,0.0,196.09958022117902
489,490,0,5.0,25.0,0.0,0.0,0.0,4193.0,203660.0,407.32,0.0,0.0,0.0,4792.0,121668.97,7463.54,0.0,188.76122915223738
490,491,0,6.6,25.0,0.0,0.0,0.0,36965.0,172027.25,0.0,0.0,1467.0,0.0,3690.55,66451.33,129.76,0.0,197.0111766272587
491,492,Limestone,5.66,25.0,0.0,0.0,0.0,39935.0,163615.78,0.0,0.0,1266.0,0.0,1372.26,64343.3,139.71,0.0,200.3081169625803
492,493,0,5.6,25.0,0.0,0.0,49.0,42234.0,204245.82,16.73,0.0,0.0,0.0,4762.08,75151.16,310.7,0.0,193.8661690262837
493,494,0,6.0,25.0,0.0,0.0,91.28,46417.0,209530.06,76.86,0.0,0.0,0.0,5117.46,73112.08,254.61,0.0,193.8661690262837
494,495,0,5.2,25.0,0.0,0.0,33.46,44494.0,211449.28,0.0,0.0,0.0,0.0,4569.68,77587.77,283.22,0.0,193.8661690262837
495,496,0,4.6,25.0,0.0,0.0,19.18,47239.0,215134.17,0.0,0.0,0.0,0.0,4087.39,78171.2,1195.4,0.0,193.8661690262837
496,497,Limestone,4.6,25.0,0.0,0.0,8.37,44987.0,210354.87,0.0,0.0,0.0,0.0,4520.88,76347.86,184.18,0.0,194.74737888549413
497,498,0,3.8,25.0,0.0,0.0,0.0,44312.0,207712.04,0.0,0.0,0.0,0.0,4927.09,74669.87,254.11,0.0,194.74737888549413
498,499,Limestone,5.3,25.0,0.0,0.0,38.14,44992.0,206269.64,0.0,0.0,0.0,0.0,4011.08,74709.79,270.58,0.0,194.74737888549413
499,500,0,5.9,25.0,0.0,0.0,59.75,44842.0,211449.28,0.0,0.0,0.0,0.0,4765.66,76818.19,261.71,0.0,194.74737888549413
500,501,Limestone,5.8,25.0,0.0,0.0,100.13,42051.0,202042.81,29.8,0.0,0.0,0.0,3833.47,75743.26,408.86,0.0,194.74737888549413
501,502,0,5.8,25.0,0.0,0.0,74.28,44763.0,202210.42,95.84,0.0,0.0,0.0,4581.15,71291.78,305.49,0.0,194.74737888549413
502,503,0,5.5,25.0,0.0,0.0,169.26,41242.0,204156.22,166.88,0.0,0.0,0.0,4831.18,76228.4,451.77,0.0,194.74737888549413
503,504,Limestone,5.1,25.0,0.0,0.0,35.0,37800.0,171000.0,140.0,0.0,0.0,0.0,3933.0,59989.0,187.0,0.0,195.58300892440053
504,505,Limestone,5.7,25.0,0.0,0.0,34.66,43919.0,205941.52,38.24,0.0,0.0,0.0,4569.68,74645.68,285.61,0.0,193.89655557315305
505,506,Limestone,6.0,25.0,0.0,0.0,27.46,45846.0,210425.78,0.0,0.0,0.0,0.0,4189.75,76210.63,494.32,0.0,193.89655557315305
506,507,0,5.6,25.0,0.0,0.0,74.09,45117.0,197466.58,95.6,0.0,0.0,0.0,5352.41,66353.57,311.9,0.0,193.89655557315305
507,508,Limestone,5.2,25.0,0.0,0.0,25.07,45653.0,204074.9,75.22,0.0,0.0,0.0,3913.93,72715.79,291.34,0.0,193.89655557315305
508,509,0,5.7,25.0,0.0,0.0,30.84,42329.0,199763.91,0.0,0.0,0.0,0.0,4275.53,73058.79,302.43,0.0,196.47941205704555
509,510,0,5.9,25.0,0.0,0.0,170.06,41653.0,178819.93,89.76,0.0,0.0,0.0,3974.07,60891.18,342.49,0.0,196.47941205704555
510,511,Limestone,5.3,25.0,0.0,0.0,24.93,42009.0,196144.63,98.52,0.0,0.0,0.0,4746.81,70176.63,283.69,0.0,196.47941205704555
511,512,0,5.1,25.0,0.0,0.0,79.26,40124.0,187512.6,0.0,0.0,0.0,0.0,4872.78,66660.87,572.57,0.0,196.47941205704555
512,513,Limestone,6.1,25.0,0.0,0.0,83.22,26843.0,137442.96,66.12,0.0,0.0,0.0,2179.68,54416.76,466.26,0.0,195.7805214790511
513,514,Limestone,5.7,25.0,0.0,0.0,70.8,45412.0,209355.6,14.4,0.0,0.0,0.0,4268.4,75753.6,295.2,0.0,196.90482371321608
514,515,0,5.8,25.0,0.0,0.0,87.38,44785.0,204163.91,76.61,0.0,0.0,0.0,4798.77,72134.81,323.19,0.0,196.90482371321608
515,516,Limestone,4.6,25.0,0.0,0.0,8.4,44752.0,215313.6,98.4,0.0,0.0,0.0,3146.4,82459.2,240.0,0.0,196.90482371321608
516,517,Limestone,6.3,25.0,10.0,3.0,54.0,27719.0,125155.0,10.0,14.0,1227.0,46.0,4530.0,46830.0,166.0,0.0,204.04566222750708
517,518,0,5.8,25.0,0.0,0.0,0.0,29904.0,218341.8,19.22,0.0,0.0,0.0,5812.84,96875.84,1594.93,0.0,187.0899690744246
518,519,Limestone,3.9,25.0,0.0,0.0,0.0,36600.0,171600.0,0.0,0.0,0.0,0.0,3540.0,62631.0,247.0,0.0,195.58300892440053
519,520,Limestone,7.2,25.0,0.0,0.0,42.64,7018.0,33448.48,0.0,0.0,0.0,0.0,734.24,12471.68,428.48,0.0,195.5526223775312
520,521,0,6.0,25.0,0.0,9.0,37.0,27600.0,134000.0,14.0,0.0,0.0,0.0,2820.0,50100.0,373.0,0.0,195.68936183844312
521,522,Limestone,5.5,25.0,0.0,7.0,13.0,29000.0,133000.0,24.0,0.0,0.0,0.0,2330.0,48800.0,494.0,0.0,193.85097575284902
522,523,0,5.0,25.0,0.0,38.0,7.0,39200.0,185000.0,30.0,0.0,0.0,0.0,4520.0,66500.0,188.0,0.0,194.80815197923278
523,524,0,5.3,25.0,0.0,30.0,12.0,38700.0,174000.0,28.0,0.0,0.0,0.0,3790.0,61300.0,203.0,0.0,196.3122860492643
524,525,0,4.8,25.0,0.0,0.0,25.0,33000.0,159000.0,0.0,0.0,0.0,0.0,2928.0,60012.0,784.0,0.0,195.27914345570727
525,526,0,5.6,25.0,0.0,0.0,67.0,33900.0,162000.0,0.0,0.0,0.0,0.0,4370.0,58018.0,361.0,0.0,196.22112640865626
526,527,Limestone,6.0,25.0,0.0,0.0,270.07,27069.0,129803.1,0.0,0.0,0.0,0.0,2898.45,47871.32,270.07,0.0,195.7957147524858
527,528,0,5.2,25.0,0.0,9.53,41.69,35974.0,172724.0,51.22,0.0,0.0,0.0,4669.5,62061.52,212.03,0.0,193.8661690262837
528,529,0,5.3,25.0,0.0,50.16,32.24,21137.0,170770.6,59.71,0.0,0.0,0.0,12777.94,62576.08,317.66,0.0,193.65346319819847
529,530,0,5.2,25.0,0.0,11.95,82.43,37871.0,174426.2,56.15,0.0,0.0,0.0,4133.66,62243.87,206.68,0.0,193.3495977295052
530,531,0,4.9,25.0,0.0,0.0,0.0,39900.0,177369.55,0.0,0.0,1421.0,0.0,4574.73,67470.64,104.24,0.0,193.3495977295052
531,532,0,5.5,25.0,0.0,11.99,58.77,42098.0,176311.8,1415.0,0.0,0.0,0.0,4617.69,56131.92,387.41,0.0,196.8136640726081
532,533,0,4.8,25.0,0.0,29.79,19.48,25551.0,122600.6,30.94,0.0,0.0,0.0,3597.81,43884.14,386.13,0.0,192.42280804999086
533,534,0,5.7,25.0,0.0,0.0,24.93,19606.0,101203.69,18.13,0.0,0.0,0.0,3354.57,36945.58,381.92,0.0,192.40761477655622
534,535,0,5.9,25.0,0.0,0.0,65.51,22815.0,116338.5,46.31,0.0,0.0,0.0,3298.14,43033.95,465.35,0.0,192.40761477655622
535,536,0,4.3,25.0,0.0,0.0,0.0,36710.0,171492.6,0.0,0.0,1385.0,0.0,3852.12,66800.26,145.36,0.0,194.66381588160348
536,537,0,6.15,25.0,0.0,0.0,42.98,18249.0,89752.39,0.0,0.0,589.57,0.0,1572.55,31008.08,638.06,0.0,194.04848830749967
537,538,Limestone,5.7,25.0,0.0,16.8,45.61,39099.0,176999.84,40.81,0.0,0.0,0.0,3890.17,62600.45,190.85,0.0,196.75289097886946
538,539,0,6.7,25.0,0.0,0.0,55.52,28551.0,129275.3,5.67,0.0,0.0,0.0,3183.73,50331.25,11250.69,0.0,184.11208748123084
539,540,0,5.45,25.0,0.0,0.0,6.92,31784.0,143712.71,0.0,0.0,1046.0,0.0,3049.33,51379.52,276.79,0.0,192.60512733120683
540,541,0,6.0,25.0,0.0,0.0,23.53,22799.0,106999.91,29.13,0.0,0.0,0.0,2189.46,39300.42,441.48,0.0,193.22805154202794
541,542,Limestone,6.3,25.0,94.0,15.0,48.0,27557.0,143930.0,6.0,22.0,1242.0,62.0,4141.0,43930.0,156.0,0.0,210.27490433571842
542,543,0,4.2,25.0,0.0,0.0,89.4,5602.0,201448.0,23.84,0.0,0.0,0.0,6436.8,114838.84,5983.84,0.0,184.5071125905321
543,544,0,6.2,25.0,0.0,0.0,88.13,3995.0,177425.0,23.5,0.0,0.0,0.0,36425.0,43353.05,3407.5,0.0,188.24465785545888
544,545,0,6.2,25.0,0.0,0.0,29.88,3943.0,208527.5,23.9,0.0,0.0,0.0,3943.5,124180.5,2162.95,0.0,187.97117893363497
545,546,0,5.8,25.0,0.0,0.0,0.0,3000.0,118600.0,180.0,0.0,0.0,0.0,4400.0,66244.37,2400.0,0.0,187.788859652419
546,547,Limestone,5.7,25.0,0.0,17.0,46.0,39100.0,177000.0,34.0,0.0,0.0,0.0,3890.0,62600.0,191.0,0.0,196.75289097886946
547,548,0,6.0,25.0,0.0,0.0,24.0,22800.0,107000.0,26.0,0.0,0.0,0.0,2190.0,39300.0,442.0,0.0,194.9145048932754
548,549,0,5.5,25.0,0.0,16.04,34.38,25899.0,129498.0,32.09,0.0,0.0,0.0,3518.22,48132.0,425.17,0.0,193.18247172172397
549,550,0,5.4,25.0,0.0,59.77,41.38,27815.0,126434.0,31.03,0.0,0.0,0.0,4402.2,41723.22,393.09,0.0,192.8482197061614
550,551,0,6.6,25.0,0.0,0.0,0.0,36965.0,172027.25,0.0,0.0,1467.0,0.0,3690.55,66451.33,129.76,0.0,197.0111766272587
551,552,0,5.6,25.0,0.0,8.29,23.69,34200.0,164999.67,0.0,0.0,0.0,0.0,3649.44,61000.57,236.9,0.0,195.7957147524858
552,553,0,5.0,25.0,0.0,0.0,0.0,35912.0,166684.48,0.0,0.0,1242.0,0.0,3610.85,66255.97,169.74,0.0,195.58300892440053
553,554,0,5.3,25.0,0.0,20.36,44.3,23469.0,171228.2,0.0,0.0,0.0,0.0,11195.69,62863.5,209.55,0.0,193.85097575284902
554,555,0,5.3,25.0,0.0,29.66,43.9,38083.0,160164.0,36.78,0.0,0.0,0.0,1411.82,57540.4,231.35,0.0,196.44902551017623
555,556,0,5.2,25.0,0.0,25.07,60.88,24711.0,170713.4,64.47,0.0,0.0,0.0,6148.07,71031.1,202.95,0.0,195.27914345570727
556,557,0,5.4,25.0,0.0,9.47,50.92,34457.0,164589.9,36.71,0.0,0.0,0.0,4025.94,59915.46,239.19,0.0,197.0111766272587
557,558,0,5.4,25.0,0.0,9.54,39.34,36600.0,174061.2,34.57,0.0,0.0,0.0,4566.13,62352.06,205.06,0.0,195.58300892440053
558,559,0,5.5,25.0,0.0,5.98,60.96,37648.0,175694.4,35.86,0.0,0.0,0.0,4398.34,62748.0,185.26,0.0,193.8205892059798
559,560,0,5.5,25.0,0.0,9.47,53.28,35043.0,165746.0,23.68,0.0,0.0,0.0,3835.84,60260.51,217.84,0.0,196.44902551017623
560,561,0,5.4,25.0,0.0,9.55,51.32,36040.0,175429.8,31.03,0.0,0.0,0.0,4129.16,64443.6,188.56,0.0,195.27914345570727
561,562,0,5.3,25.0,0.0,40.6,32.24,26029.0,169548.0,51.34,0.0,0.0,0.0,10495.26,60655.2,367.75,0.0,195.58300892440053
562,563,0,5.6,25.0,0.0,29.55,61.46,22339.0,139476.0,39.01,0.0,0.0,0.0,10803.48,44325.0,293.14,0.0,195.4310761900539
563,564,0,5.6,25.0,0.0,0.0,61.48,26757.0,135493.4,10.25,0.0,0.0,0.0,3814.31,49756.82,332.47,0.0,193.7142362919371
564,565,0,5.1,25.0,0.0,0.0,41.77,35083.0,173028.5,7.16,0.0,0.0,0.0,5095.39,62409.59,204.05,0.0,194.6562192448861
565,566,0,6.0,25.0,0.0,0.0,48.77,18288.0,97317.52,28.82,0.0,0.0,0.0,2837.5,37020.56,526.49,0.0,194.04848830749967
566,567,0,5.0,25.0,0.0,0.0,21.65,37878.0,182780.0,25.25,0.0,0.0,0.0,4713.8,66378.0,190.0,0.0,193.47114391698253
567,568,0,4.52,25.0,0.0,0.0,0.0,34047.0,158137.38,0.0,0.0,1194.0,0.0,3691.2,56795.36,247.64,0.0,192.6962869718148
568,569,0,5.7,25.0,0.0,0.0,33.97,30341.0,155809.5,42.17,0.0,0.0,0.0,4346.27,58340.7,312.79,0.0,194.04848830749967
569,570,0,4.8,25.0,0.0,9.53,7.15,35259.0,171532.8,48.84,0.0,0.0,0.0,5884.53,60036.48,231.09,0.0,192.93937934676936
570,571,0,3.9,25.0,0.0,26.3,0.0,36337.0,174513.8,80.09,0.0,0.0,0.0,5976.5,59884.53,199.62,0.0,194.66381588160348
571,572,0,6.0,25.0,0.0,0.0,270.07,27069.0,129803.1,0.0,0.0,0.0,0.0,2898.45,47871.32,270.07,0.0,195.7957147524858
572,573,0,4.1,25.0,0.0,0.0,0.0,35540.0,184907.8,32.42,0.0,0.0,0.0,4454.6,70841.3,180.11,0.0,197.42139500999454
573,574,0,5.0,25.0,0.0,10.54,17.57,30102.0,160468.1,29.28,0.0,0.0,0.0,4251.82,61258.99,313.91,0.0,192.19490894847095
574,575,0,6.0,25.0,0.0,1.16,66.99,28199.0,138999.63,0.0,0.0,0.0,0.0,2921.0,52400.04,324.56,0.0,194.9145048932754
575,576,0,5.6,25.0,0.0,15.59,23.98,35599.0,179999.88,0.0,0.0,0.0,0.0,4400.33,67599.62,201.43,0.0,197.42139500999454
576,577,0,5.6,25.0,0.0,22.61,23.8,35299.0,171000.53,0.0,0.0,0.0,0.0,3989.73,62900.49,210.61,0.0,195.20317708853395
577,578,0,5.0,25.0,0.0,37.31,7.22,39199.0,185000.26,0.0,0.0,0.0,0.0,4519.89,66499.61,187.78,0.0,193.33440445607053
578,579,0,5.3,25.0,0.0,29.75,11.9,38406.0,172679.24,0.0,0.0,0.0,0.0,3760.96,60834.47,201.08,0.0,196.09958022117902
579,580,0,6.0,25.0,0.0,0.0,23.53,22799.0,106999.91,0.0,0.0,0.0,0.0,2189.46,39300.42,441.48,0.0,193.22805154202794
580,581,0,4.6,25.0,0.0,9.58,2.39,30284.0,177156.0,39.5,0.0,0.0,0.0,8630.37,63800.1,205.88,0.0,195.4614627369232
581,582,0,4.8,25.0,0.0,0.0,6.98,28018.0,146487.6,0.0,0.0,0.0,0.0,4394.63,54409.68,297.63,0.0,194.92969816671
582,583,0,5.2,25.0,0.0,0.0,45.95,32518.0,159057.0,53.02,0.0,0.0,0.0,3605.29,59145.64,247.42,0.0,195.20317708853395
583,584,0,6.0,25.0,0.0,0.0,33.35,30325.0,138902.75,0.0,0.0,104.65,0.0,3209.65,51467.1,40.25,0.0,195.18798381509927
584,585,0,5.6,25.0,0.0,19.95,58.75,19951.0,93992.32,68.72,0.0,0.0,0.0,729.33,36798.88,522.06,0.0,193.9573286668917
585,586,0,5.4,25.0,0.0,20.41,46.82,28932.0,176473.5,0.0,0.0,0.0,0.0,9964.15,62906.2,187.28,0.0,196.75289097886946
586,587,0,5.6,25.0,0.0,9.6,110.41,36723.0,181215.1,12.0,0.0,0.0,0.0,5424.45,65165.43,261.62,0.0,193.75981611224114
587,588,0,5.45,25.0,0.0,0.0,6.92,31784.0,143712.71,0.0,0.0,1046.0,0.0,3049.33,51379.52,276.79,0.0,192.60512733120683
588,589,0,4.15,25.0,0.0,0.0,0.0,36516.0,168820.48,0.0,0.0,1508.0,0.0,3773.49,66047.32,92.7,0.0,192.95457262020403
589,590,0,4.3,25.0,0.0,0.0,0.0,36710.0,171492.6,0.0,0.0,1385.0,0.0,3852.12,66800.26,145.36,0.0,194.66381588160348
590,591,0,5.0,25.0,0.0,0.0,14.31,34809.0,171662.4,44.11,0.0,0.0,0.0,4684.95,62823.67,218.15,0.0,192.93937934676936
591,592,0,5.2,25.0,0.0,0.0,21.6,27664.0,126083.04,0.0,0.0,964.97,0.0,3049.5,46280.08,295.52,0.0,197.3606219162559
592,593,0,4.9,25.0,0.0,0.0,41.75,38408.0,176534.4,42.94,0.0,0.0,0.0,3494.9,64172.64,220.67,0.0,196.09958022117902
593,594,0,5.6,25.0,0.0,0.0,57.06,29927.0,143326.66,0.0,0.0,1070.0,0.0,3609.95,55784.21,228.24,0.0,197.3606219162559
594,595,0,5.1,25.0,0.0,0.0,26.4,36243.0,177614.8,0.0,0.0,0.0,0.0,5100.43,64445.37,184.82,0.0,196.75289097886946
595,596,0,4.3,25.0,0.0,0.0,0.0,26203.0,145317.96,0.0,0.0,1208.0,0.0,2888.81,60189.3,116.61,0.0,192.93937934676936
596,597,0,5.2,25.0,0.0,0.0,46.76,28754.0,155463.7,0.0,0.0,0.0,0.0,4675.6,59497.01,280.54,0.0,194.92969816671
597,598,0,5.9,25.0,0.0,0.0,60.57,25258.0,128004.8,18.29,0.0,0.0,0.0,3771.57,46973.19,364.59,0.0,195.18798381509927
598,599,0,5.2,25.0,0.0,0.0,0.0,35775.0,165083.25,0.0,0.0,1313.0,0.0,3611.09,63115.7,155.42,0.0,192.19490894847095
599,600,0,4.42,25.0,0.0,0.0,0.0,38572.0,173631.48,0.0,0.0,1319.0,0.0,4495.41,65474.18,114.62,0.0,193.33440445607053
600,601,0,5.4,25.0,0.0,20.38,50.35,38598.0,181003.7,0.0,0.0,0.0,0.0,3644.05,66288.11,190.59,0.0,193.75981611224114
601,602,0,5.2,25.0,0.0,26.4,9.6,37800.0,183999.6,0.0,0.0,0.0,0.0,4130.4,68199.6,200.4,0.0,193.000152440508
602,603,0,4.5,25.0,0.0,0.0,36.72,35656.0,176505.4,4.74,0.0,0.0,0.0,5780.85,62428.42,202.57,0.0,193.69904301850246
603,604,0,6.0,25.0,0.0,9.19,36.78,27671.0,134350.87,0.0,0.0,0.0,0.0,2827.28,50231.31,373.52,0.0,195.6741685650085
604,605,0,6.2,25.0,0.0,0.0,29.01,19799.0,101999.74,0.0,0.0,0.0,0.0,1989.47,39899.89,524.43,0.0,196.43383223674155
605,606,0,5.1,25.0,0.0,11.92,51.26,36239.0,176430.8,83.45,0.0,0.0,0.0,3910.09,65327.08,212.19,0.0,194.39793359649687
606,607,0,5.4,25.0,0.0,0.0,56.4,30905.0,156288.3,14.1,0.0,0.0,0.0,4300.87,57697.41,260.87,0.0,195.20317708853395
607,608,0,5.2,25.0,0.0,40.05,31.8,32745.0,155482.8,62.43,0.0,0.0,0.0,4240.44,55714.67,276.81,0.0,194.04848830749967
608,609,0,5.41,25.0,0.0,0.0,0.0,37240.0,165615.67,0.0,0.0,133.0,0.0,2406.97,61936.09,80.04,0.0,195.47665601035786
609,610,0,6.3,25.0,0.0,0.0,0.0,41416.0,179423.4,0.0,0.0,0.0,0.0,3711.09,61861.11,82.87,0.0,193.33440445607053
610,611,0,5.3,25.0,0.0,0.0,4.68,32585.0,150659.65,0.0,0.0,1224.0,0.0,2806.56,61823.84,198.8,0.0,194.92969816671
611,612,0,6.15,25.0,0.0,0.0,42.98,18249.0,89752.39,0.0,0.0,589.57,0.0,1572.55,31008.08,638.06,0.0,194.04848830749967
612,613,0,4.6,25.0,0.0,0.0,0.0,40034.0,176840.51,0.0,0.0,1701.0,0.0,3770.86,49108.64,110.31,0.0,193.47114391698253
613,614,0,5.7,25.0,0.0,16.8,45.61,39099.0,176999.84,0.0,0.0,0.0,0.0,3890.17,62600.45,190.85,0.0,196.75289097886946
614,615,0,5.6,25.0,0.0,0.0,80.56,30920.0,170596.8,16.59,0.0,0.0,0.0,4786.19,66580.14,319.87,0.0,192.19490894847095
615,616,0,5.7,25.0,0.0,10.28,26.28,25249.0,127960.0,25.14,0.0,0.0,0.0,3621.73,47413.75,362.17,0.0,195.18798381509927
616,617,0,5.6,25.0,0.0,0.0,31.24,20528.0,100970.85,31.24,0.0,0.0,0.0,2655.37,37152.81,463.02,0.0,193.22805154202794
617,618,0,4.6,25.0,0.0,0.0,0.0,37770.0,174166.69,0.0,0.0,1401.0,0.0,4172.41,66579.71,40.56,0.0,195.4614627369232
618,619,0,5.3,25.0,0.0,15.5,14.31,35800.0,173000.35,0.0,0.0,0.0,0.0,3890.47,63900.13,215.81,0.0,194.39793359649687
619,620,0,4.7,25.0,0.0,3.51,9.35,29446.0,149568.0,39.73,0.0,0.0,0.0,3785.94,55854.3,279.27,0.0,195.20317708853395
620,621,0,5.4,25.0,0.0,2.37,11.84,34000.0,164000.31,0.0,0.0,0.0,0.0,3569.78,60700.5,232.14,0.0,195.20317708853395
621,622,0,4.6,25.0,0.0,0.0,4.79,35592.0,178561.6,3.6,0.0,0.0,0.0,4230.35,67350.08,220.51,0.0,197.42139500999454
622,623,0,5.0,25.0,0.0,9.43,11.79,33607.0,163908.8,40.09,0.0,0.0,0.0,5954.96,56601.6,257.07,0.0,195.47665601035786
623,624,0,5.2,25.0,0.0,0.0,22.08,28352.0,145250.0,40.67,0.0,0.0,0.0,4229.68,53684.4,314.9,0.0,192.6962869718148
624,625,0,4.9,25.0,0.0,30.55,11.75,31842.0,156275.0,66.98,0.0,0.0,0.0,4594.25,56047.5,243.23,0.0,192.60512733120683
625,626,0,5.2,25.0,0.0,20.05,18.87,30669.0,162784.8,24.77,0.0,0.0,0.0,5154.85,60749.4,233.56,0.0,192.95457262020403
626,627,Sandstone,6.4,25.0,0.0,3.1,202.66,2347.0,31847.2,3.1,0.0,0.0,0.0,662.79,16750.8,55.84,0.0,70.1929232681372
627,628,0,5.1,25.0,0.0,0.0,28.86,37154.0,181562.4,37.27,0.0,0.0,0.0,5134.25,65651.04,192.38,0.0,193.33440445607053
628,629,0,4.9,25.0,0.0,0.0,16.75,36496.0,177096.8,84.96,0.0,0.0,0.0,4200.07,64975.38,229.75,0.0,196.09958022117902
629,630,0,5.1,25.0,0.0,15.4,24.87,33278.0,159880.5,48.56,0.0,0.0,0.0,3884.5,58504.42,789.93,0.0,192.93937934676936
630,631,0,4.9,25.0,0.0,32.45,70.91,42787.0,180285.0,27.64,0.0,0.0,0.0,3773.97,61056.52,1159.83,0.0,193.9117488465877
631,632,0,5.0,25.0,0.0,9.6,24.0,38993.0,176370.6,55.19,0.0,0.0,0.0,4163.31,62149.64,1307.78,0.0,194.66381588160348
632,633,0,5.3,25.0,0.0,0.0,73.25,36384.0,180120.0,43.23,0.0,0.0,0.0,5643.76,64362.88,177.72,0.0,196.75289097886946
633,634,0,5.79,25.0,0.0,0.0,7.2,37664.0,170262.0,0.0,0.0,1694.0,0.0,4074.0,57536.4,126.0,0.0,196.75289097886946
634,635,0,5.8,25.0,0.0,4.46,80.29,20408.0,98583.68,44.61,0.0,0.0,0.0,972.45,39255.04,1050.52,0.0,193.22805154202794
635,636,0,5.2,25.0,0.0,15.09,24.38,30536.0,146298.6,10.45,0.0,0.0,0.0,3889.69,52481.72,297.24,0.0,195.76532820561644
636,637,0,5.3,25.0,0.0,40.58,23.87,23870.0,168283.5,48.93,0.0,0.0,0.0,11397.93,60033.05,206.48,0.0,192.93937934676936
637,638,0,6.6,25.0,0.0,122.28,159.17,2561.0,47539.91,0.0,0.0,0.0,0.0,296.2,27406.6,130.71,0.0,193.33440445607053
638,639,0,5.3,25.0,0.0,10.4,41.58,25410.0,135135.0,49.67,0.0,0.0,0.0,281.82,58327.5,928.62,0.0,192.6962869718148
639,640,0,5.6,25.0,0.0,15.12,44.19,28493.0,141886.0,51.17,0.0,0.0,0.0,4082.13,51753.5,296.57,0.0,194.92969816671
640,641,0,5.5,25.0,0.0,39.65,38.45,30040.0,175433.6,49.27,0.0,0.0,0.0,8206.93,64045.28,180.24,0.0,193.47114391698253
641,642,0,6.2,25.0,0.0,20.01,48.91,15119.0,95717.37,33.35,0.0,0.0,0.0,4835.9,35796.74,490.26,0.0,193.9573286668917
642,643,0,5.2,25.0,0.0,49.46,38.86,29437.0,155430.0,41.21,0.0,0.0,0.0,7100.33,54047.25,288.49,0.0,195.47665601035786
643,644,0,5.2,25.0,0.0,11.85,53.33,34246.0,169455.0,33.18,0.0,0.0,0.0,4076.4,62686.5,223.97,0.0,195.7957147524858
644,645,0,5.2,25.0,0.0,11.85,46.2,34468.0,168199.0,74.62,0.0,0.0,0.0,3446.9,62896.95,247.56,0.0,195.4310761900539
645,646,0,5.3,25.0,0.0,0.0,34.61,34844.0,177801.7,23.87,0.0,0.0,0.0,5345.98,65392.84,212.41,0.0,195.58300892440053
646,647,0,5.5,25.0,0.0,11.96,63.4,36244.0,177037.6,110.05,0.0,0.0,0.0,5251.32,63398.6,198.57,0.0,193.80539593254508
647,648,0,5.2,25.0,0.0,24.91,55.75,35227.0,169612.3,64.05,0.0,0.0,0.0,4009.02,62388.86,283.48,0.0,195.7957147524858
648,649,0,5.6,25.0,0.0,3.44,41.28,27289.0,130712.4,35.54,0.0,0.0,0.0,3107.29,47927.88,348.57,0.0,193.7142362919371
649,650,0,4.56,25.0,0.0,0.0,0.0,37770.0,161879.75,0.0,0.0,109.28,0.0,2246.6,61830.85,27.03,0.0,196.44902551017623
650,651,0,5.38,25.0,0.0,0.0,7.1,34714.0,161343.68,0.0,0.0,1115.0,0.0,3129.31,61430.66,184.7,0.0,195.4310761900539
651,652,0,5.9,25.0,0.0,29.62,61.51,24604.0,118466.4,46.7,0.0,0.0,0.0,3337.56,42716.25,203.9,0.0,195.18798381509927
652,653,0,5.4,25.0,0.0,39.5,39.5,22864.0,175973.7,70.63,0.0,0.0,0.0,11899.17,65361.66,217.87,0.0,195.4614627369232
653,654,0,5.8,25.0,0.0,24.43,48.86,27919.0,138432.7,31.41,0.0,0.0,0.0,3524.8,51650.52,286.17,0.0,195.76532820561644
654,655,0,5.2,25.0,0.0,0.0,54.97,34771.0,174455.4,43.02,0.0,0.0,0.0,5639.93,62971.23,205.52,0.0,195.27914345570727
655,656,0,5.4,25.0,0.0,29.84,65.65,23752.0,171878.4,63.26,0.0,0.0,0.0,10097.86,65170.56,211.27,0.0,195.84129457278976
656,657,0,5.3,25.0,0.0,30.52,24.65,28403.0,151407.3,53.99,0.0,0.0,0.0,5528.13,54929.16,206.57,0.0,192.60512733120683
657,658,0,4.3,25.0,0.0,19.77,0.0,27095.0,139548.0,12.79,0.0,0.0,0.0,4395.76,51516.47,311.66,0.0,191.86065693290837
658,659,0,5.5,25.0,0.0,0.0,23.78,37375.0,169891.41,0.0,0.0,1285.0,0.0,3610.39,64311.7,110.56,0.0,193.8205892059798
659,660,0,5.4,25.0,0.0,20.05,38.91,23348.0,153296.0,63.68,0.0,0.0,0.0,8395.9,56601.6,249.99,0.0,197.0111766272587
660,661,0,5.6,25.0,0.0,0.0,28.74,35196.0,178186.8,14.37,0.0,0.0,0.0,5005.55,65699.64,196.39,0.0,195.27914345570727
661,662,0,5.8,25.0,0.0,9.57,75.38,35655.0,178278.5,47.86,0.0,0.0,0.0,4474.91,66046.8,198.62,0.0,195.27914345570727
662,663,0,4.6,25.0,0.0,25.43,21.96,27741.0,134084.4,25.43,0.0,0.0,0.0,4299.95,47045.13,330.59,0.0,193.7142362919371
663,664,0,5.6,25.0,0.0,21.44,70.27,41089.0,184605.0,23.82,0.0,0.0,0.0,4852.13,63480.3,170.31,0.0,193.85097575284902
664,665,0,4.7,25.0,0.0,64.8,9.43,31457.0,157878.8,14.14,0.0,0.0,0.0,5443.28,56317.96,280.41,0.0,195.20317708853395
665,666,Limestone,6.4,25.0,48.0,5.0,68.0,19568.0,145963.0,8.0,24.0,928.0,16.0,2066.0,68951.0,294.0,0.0,180.22260948195748
666,667,Limestone,6.89,25.0,0.0,0.0,200.9,1016.0,21116.03,0.0,0.0,0.0,0.0,578.1,11545.6,72.78,0.0,77.45530796990552
667,668,Limestone,7.44,25.0,0.0,0.0,277.83,1399.0,22985.8,0.0,0.0,0.0,0.0,449.67,12851.18,615.34,0.0,78.0934254541613
668,669,Limestone,4.1,25.0,22.0,2.0,0.0,25100.0,132500.0,113.0,26.0,774.0,26.0,3170.0,59300.0,329.0,0.0,178.06516465423553
669,670,0,5.3,25.0,0.0,15.5,14.31,35800.0,173000.35,19.08,0.0,0.0,0.0,3890.47,63900.13,215.81,0.0,194.39793359649687
670,671,0,5.38,25.0,0.0,0.0,7.1,34714.0,161343.68,0.0,0.0,1115.0,0.0,3129.31,61430.66,184.7,0.0,195.4310761900539
671,672,Limestone,5.7,25.0,0.0,0.0,52.1,27889.0,191450.43,7.1,0.0,0.0,0.0,4056.38,71114.59,402.56,0.0,195.7957147524858
672,673,0,6.0,25.0,0.0,0.0,118.5,41890.0,183627.6,94.8,0.0,0.0,0.0,4427.16,62854.77,329.43,0.0,195.7957147524858
673,674,Limestone,5.5,25.0,0.0,0.0,18.96,44526.0,194132.63,0.0,0.0,0.0,0.0,4582.4,66286.53,273.74,0.0,195.7957147524858
674,675,0,5.6,25.0,0.0,0.0,145.63,39790.0,188510.56,61.57,0.0,0.0,0.0,4746.66,67875.17,519.78,0.0,195.7957147524858
675,676,Limestone,4.1,25.0,22.0,2.0,0.0,25062.0,132533.0,113.0,26.0,774.0,26.0,3171.0,59300.0,329.0,0.0,178.06516465423553
676,677,0,5.5,25.0,0.0,17.76,13.02,35100.0,165000.14,27.23,0.0,0.0,0.0,3499.61,60200.13,264.01,0.0,196.67692461169614
677,678,0,6.3,25.0,0.0,0.0,0.0,41416.0,179423.4,0.0,0.0,0.0,69.66,3711.09,61861.11,82.87,0.0,193.33440445607053
678,679,0,4.42,25.0,0.0,0.0,0.0,38572.0,173631.48,0.0,0.0,1319.0,0.0,4495.41,65474.18,114.62,0.0,193.33440445607053
679,680,0,5.2,25.0,0.0,0.0,0.0,35775.0,165083.25,0.0,0.0,1313.0,0.0,3611.09,63115.7,155.42,0.0,192.19490894847095
680,681,0,4.6,25.0,0.0,0.0,0.0,37770.0,174166.69,0.0,0.0,1401.0,0.0,4172.41,66579.71,40.56,0.0,195.4614627369232
681,682,Limestone,6.1,25.0,0.0,0.0,31.91,38024.0,190065.6,4.73,0.0,0.0,0.0,6205.5,67994.0,560.27,0.0,186.75571705886205
682,683,0,6.0,25.0,0.0,0.0,0.0,37501.0,190936.2,2.37,0.0,0.0,0.0,5004.09,73338.65,4578.21,0.0,186.75571705886205
683,684,0,6.3,25.0,0.0,0.0,0.0,4029.0,190785.0,165.9,0.0,0.0,0.0,1303.5,119883.52,7027.05,0.0,188.85238879284535
684,685,0,5.4,25.0,0.0,2.37,11.84,34000.0,164000.31,18.95,0.0,0.0,0.0,3569.78,60700.5,232.14,0.0,195.20317708853395
685,686,0,5.6,25.0,0.0,22.61,23.8,35299.0,171000.53,17.85,0.0,0.0,0.0,3989.73,62900.49,210.61,0.0,195.20317708853395
686,687,0,6.2,25.0,0.0,0.0,29.01,19799.0,101999.74,7.81,0.0,0.0,0.0,1989.47,39899.89,524.43,0.0,196.43383223674155
687,688,0,5.6,25.0,0.0,0.0,57.06,29927.0,143326.66,0.0,0.0,1070.0,0.0,3609.95,55784.21,228.24,0.0,197.3606219162559
688,689,0,6.0,25.0,0.0,1.16,66.99,28199.0,138999.63,10.4,0.0,0.0,0.0,2921.0,52400.04,324.56,0.0,194.9145048932754
689,690,0,6.0,25.0,0.0,0.0,33.35,30325.0,138902.75,0.0,0.0,104.65,0.0,3209.65,51467.1,40.25,0.0,195.18798381509927
690,691,0,5.41,25.0,0.0,0.0,0.0,37240.0,165615.67,0.0,0.0,133.0,0.0,2406.97,61936.09,80.04,0.0,195.47665601035786
691,692,0,5.2,25.0,0.0,0.0,28.78,27816.0,216179.7,89.93,0.0,0.0,0.0,4604.16,101510.11,4400.33,0.0,186.78610360573137
692,693,0,5.6,25.0,0.0,15.59,23.98,35599.0,179999.88,34.77,0.0,0.0,0.0,4400.33,67599.62,201.43,0.0,197.42139500999454
693,694,0,5.2,25.0,0.0,0.0,21.6,27664.0,126083.04,0.0,0.0,964.97,0.0,3049.5,46280.08,295.52,0.0,197.42139500999454
694,695,0,5.5,25.0,0.0,0.0,29.58,2839.0,185731.0,0.0,0.0,0.0,0.0,10410.4,98745.07,2697.24,0.0,184.32479330931616
695,696,0,4.3,25.0,0.0,0.0,0.0,26203.0,145317.96,0.0,0.0,1208.0,0.0,2888.81,60189.3,116.61,0.0,192.93937934676936
696,697,0,5.9,25.0,0.0,0.0,0.0,38577.0,227904.0,0.0,0.0,0.0,0.0,4380.03,98720.19,7691.76,0.0,186.51262468390746
697,698,Limestone,5.2,25.0,0.0,26.4,9.6,37800.0,183999.6,25.2,0.0,0.0,0.0,4130.4,68199.6,200.4,0.0,193.000152440508
698,699,0,5.3,25.0,0.0,0.0,4.68,32585.0,150659.65,0.0,0.0,1224.0,0.0,2806.56,61823.84,198.8,0.0,194.92969816671
699,700,Limestone,5.0,25.0,0.0,11.0,9.0,35488.0,190066.0,12.0,12.0,1384.0,94.0,4836.0,75284.0,242.0,0.0,200.14099095479904
700,701,Limestone,4.75,25.0,0.0,0.0,0.0,39934.0,170255.74,0.0,0.0,1580.0,0.0,1829.72,65364.51,175.22,0.0,198.8495627128528
701,702,0,4.52,25.0,0.0,0.0,0.0,34047.0,158137.38,0.0,0.0,1194.0,0.0,3691.2,56795.36,247.64,0.0,217.9323141467879
702,703,Limestone,6.1,25.0,0.0,0.0,63.0,30800.0,146000.0,10.0,0.0,0.0,0.0,3740.0,52400.0,297.0,0.0,191.967009846951
703,704,Limestone,6.2,25.0,0.0,0.0,61.0,24100.0,119000.0,14.0,0.0,0.0,0.0,2480.0,45100.0,435.0,0.0,194.41312686993155
704,705,0,5.4,25.0,0.0,3.0,12.0,34000.0,164000.0,17.0,0.0,0.0,0.0,3570.0,60700.0,233.0,0.0,195.76532820561644
705,706,Limestone,5.8,25.0,0.0,0.0,40.17,32340.0,157451.09,0.0,0.0,0.0,0.0,5183.98,55297.79,170.12,0.0,195.76532820561644
706,707,0,5.6,25.0,0.0,23.0,24.0,35300.0,171000.0,15.0,0.0,0.0,0.0,3990.0,62900.0,211.0,0.0,195.7045551118778
707,708,0,6.2,25.0,0.0,0.0,29.0,19800.0,102000.0,7.0,0.0,0.0,0.0,1990.0,39900.0,525.0,0.0,196.58576497108817
708,709,0,6.0,25.0,0.0,2.0,67.0,28200.0,139000.0,9.0,0.0,0.0,0.0,2920.0,52400.0,325.0,0.0,195.4310761900539
709,710,0,5.6,25.0,0.0,16.0,24.0,35600.0,180000.0,29.0,0.0,0.0,0.0,4400.0,67600.0,202.0,0.0,197.39100846312527
710,711,Limestone,5.2,25.0,0.0,27.0,10.0,37800.0,184000.0,21.0,0.0,0.0,0.0,4130.0,68200.0,200.0,0.0,194.99047126044866
711,712,Limestone,5.5,25.0,0.0,0.0,63.71,19771.0,120384.64,10.98,0.0,0.0,0.0,1896.94,48329.6,164.76,0.0,197.5581344709065
712,713,Limestone,5.5,25.0,0.0,0.0,63.71,19771.0,119725.6,0.0,0.0,0.0,0.0,1896.94,48329.6,82.38,0.0,197.5581344709065
713,714,0,4.7,25.0,0.0,0.0,0.0,34449.0,156003.59,0.0,0.0,1166.0,0.0,3208.15,56442.44,187.82,0.0,192.71907688196677
714,715,0,4.4,25.0,0.0,10.55,0.0,30724.0,153623.7,55.12,0.0,0.0,0.0,4960.52,55351.44,265.03,0.0,192.8786062530307
715,716,0,5.6,25.0,0.0,19.85,65.4,20438.0,138980.1,29.2,0.0,0.0,0.0,4800.07,58044.63,857.24,0.0,192.7266735186841
716,717,0,5.7,25.0,0.0,19.68,77.55,28703.0,140045.4,19.68,0.0,0.0,0.0,2546.28,53240.4,313.66,0.0,192.7266735186841
717,718,0,5.9,25.0,0.0,29.66,61.52,12084.0,84702.06,30.76,0.0,0.0,0.0,5449.06,30980.52,546.0,0.0,193.000152440508
718,719,0,5.7,25.0,0.0,0.0,34.05,16364.0,87644.34,0.0,0.0,0.0,0.0,3108.19,32399.85,548.05,0.0,193.000152440508
719,720,0,6.0,25.0,0.0,0.0,73.58,15814.0,92248.8,17.57,0.0,0.0,0.0,2405.06,37448.62,554.59,0.0,193.000152440508
720,721,0,6.5,25.0,0.0,0.0,49.68,18834.0,92316.48,0.0,0.0,552.0,0.0,2631.94,33581.47,569.66,0.0,193.000152440508
721,722,0,4.7,25.0,0.0,20.26,3.58,29434.0,171604.8,38.13,0.0,0.0,0.0,10701.47,57678.28,251.45,0.0,193.15208517485465
722,723,0,5.2,25.0,0.0,14.35,41.86,40544.0,173420.0,34.68,0.0,0.0,0.0,4664.4,58125.6,1130.22,0.0,193.15208517485465
723,724,0,4.2,25.0,0.0,0.0,0.0,38838.0,176837.2,0.0,0.0,1419.0,0.0,4174.33,68037.44,140.14,0.0,193.15208517485465
724,725,Limestone,4.9,25.0,0.0,0.0,37.05,28136.0,142421.7,18.53,0.0,0.0,0.0,4064.23,53031.82,298.74,0.0,197.10233626786666
725,726,Limestone,5.7,25.0,0.0,0.0,12.8,32720.0,152798.28,0.0,0.0,104.76,0.0,3288.3,65258.5,158.3,0.0,196.82885734604275
726,727,0,5.5,25.0,0.0,0.0,68.72,27722.0,151424.0,29.12,0.0,0.0,0.0,4624.26,57657.6,299.35,0.0,193.8661690262837
727,728,0,5.1,25.0,0.0,39.47,9.29,21592.0,160204.2,0.0,0.0,0.0,0.0,7534.24,64894.31,236.82,0.0,193.8661690262837
728,729,0,4.9,25.0,0.0,0.0,0.0,31521.0,153865.1,0.0,0.0,1688.0,0.0,3611.61,63044.54,175.61,0.0,193.8661690262837
729,730,0,5.0,25.0,0.0,0.0,8.14,25697.0,145350.0,25.58,0.0,0.0,0.0,7395.41,50698.08,302.33,0.0,193.8661690262837
730,731,0,6.02,25.0,0.0,0.0,57.58,23764.0,115397.35,0.0,0.0,1136.0,0.0,1219.32,49324.88,459.5,0.0,194.39793359649687
731,732,0,6.2,25.0,0.0,0.0,61.21,24100.0,118999.66,0.0,0.0,0.0,0.0,2480.32,45100.28,435.3,0.0,194.39793359649687
732,733,0,6.4,25.0,0.0,0.0,0.0,39028.0,166608.63,0.0,0.0,0.0,0.0,2651.47,58296.67,89.18,0.0,192.60512733120683
733,734,0,4.3,25.0,0.0,9.49,0.0,34408.0,164923.5,0.0,0.0,0.0,0.0,4010.37,60155.55,230.18,0.0,192.60512733120683
734,735,0,4.7,25.0,0.0,0.0,0.0,37105.0,166682.81,0.0,0.0,1351.0,0.0,3610.42,64413.94,150.53,0.0,192.60512733120683
735,736,0,5.2,25.0,0.0,20.2,34.46,40164.0,167550.3,46.34,0.0,0.0,0.0,3042.05,57513.72,967.28,0.0,192.60512733120683
736,737,0,5.8,25.0,0.0,0.0,99.77,13447.0,72769.95,31.45,0.0,0.0,0.0,2450.97,27546.3,557.43,0.0,193.16727844828927
737,738,0,6.1,25.0,0.0,0.0,62.83,30799.0,146000.38,0.0,0.0,0.0,0.0,3739.81,52400.4,296.72,0.0,191.8150771126044
738,739,0,5.6,25.0,0.0,0.0,105.15,20246.0,107944.9,19.02,0.0,0.0,0.0,2404.99,42394.94,417.24,0.0,191.8150771126044
739,740,0,6.3,25.0,0.0,0.0,88.26,17432.0,87050.37,22.07,0.0,0.0,0.0,1831.48,33319.66,477.73,0.0,193.16727844828927
740,741,0,6.2,25.0,0.0,0.0,90.48,19435.0,104998.0,30.16,0.0,0.0,0.0,2792.5,40770.5,434.51,0.0,191.8150771126044
741,742,Limestone,5.5,25.0,0.0,13.13,37.0,39501.0,173043.0,1300.0,0.0,0.0,0.0,3771.14,58953.96,421.27,0.0,194.078874854369
742,743,0,5.8,25.0,0.0,0.0,63.67,25696.0,117111.0,1030.0,0.0,0.0,0.0,3888.54,38544.3,782.26,0.0,196.1755465883523
743,744,Limestone,6.4,25.0,0.0,3.17,105.5,9315.0,44310.0,0.0,0.0,0.0,0.0,854.55,16458.0,81.24,0.0,200.3536967828843
744,745,Limestone,5.6,25.0,0.0,9.37,52.72,35496.0,157918.2,23.43,0.0,0.0,0.0,4525.5,53186.1,133.55,0.0,198.6064703378982
745,746,Limestone,5.8,25.0,0.0,5.96,63.13,35018.0,171041.96,21.44,0.0,0.0,0.0,4910.91,61341.65,167.95,0.0,198.8495627128528
746,747,Limestone,5.4,25.0,0.0,0.0,47.49,32173.0,166208.0,27.31,0.0,0.0,0.0,4962.5,61378.24,216.07,0.0,198.8495627128528
747,748,Limestone,5.55,25.0,0.0,0.0,0.0,36994.0,165038.15,0.0,0.0,1271.0,0.0,2592.22,64573.74,123.55,0.0,198.10509231455438
748,749,Limestone,5.7,25.0,0.0,5.92,56.82,38473.0,168336.36,23.68,0.0,0.0,0.0,4266.42,57059.16,189.41,0.0,200.3081169625803
749,750,Limestone,5.4,25.0,0.0,0.0,36.4,30884.0,158530.5,42.27,0.0,0.0,0.0,4591.51,58362.71,254.82,0.0,199.7915456658018
750,751,Limestone,5.3,25.0,0.0,0.0,60.51,32388.0,168468.8,27.29,0.0,0.0,0.0,4876.1,62641.92,199.32,0.0,198.8495627128528
751,752,Limestone,5.95,25.0,0.0,0.0,10.73,33271.0,159716.08,0.0,0.0,1534.0,0.0,4112.4,56468.62,184.76,0.0,200.3081169625803
752,753,Limestone,5.66,25.0,0.0,0.0,0.0,39935.0,163615.78,0.0,0.0,1266.0,0.0,1372.26,64343.3,139.71,0.0,200.3081169625803
753,754,Limestone,6.3,25.0,0.0,0.0,71.57,26531.0,126084.64,0.0,0.0,84.06,0.0,2888.85,30726.53,114.74,0.0,198.43934433011694
754,755,Limestone,4.6,25.0,0.0,0.0,5.0,40800.0,178000.0,162.0,0.0,0.0,0.0,4030.0,60900.0,120.0,0.0,210.62434962471565
755,756,Limestone,5.1,25.0,0.0,0.0,46.0,38000.0,170000.0,51.0,0.0,0.0,0.0,4240.0,58700.0,260.0,0.0,210.62434962471565
